 75  4  7  2  2  1.2 
 30.715 -36.203  2 
 1  125  1800  1 
 2  175  1800  2 
 37.516  21.067  8  2  1  4  1  2  3  4  1  1 
 64.708  17.258  16  2  1  4  1  2  3  4  1  1 
 51.207  39.702  23  2  1  4  1  2  3  4  1  1 
 58.696  25.468  6  2  1  4  1  2  3  4  1  1 
-0.638  31.065  25  2  1  4  1  2  3  4  1  1 
 7.431 -16.874  20  2  1  4  1  2  3  4  1  1 
 11.692 -25.98  2  2  1  4  1  2  3  4  1  1 
-1.84 -26.005  15  2  1  4  1  2  3  4  1  1 
 46.22  44.456  6  2  1  4  1  2  3  4  1  1 
-28.745  30.454  10  2  1  4  1  2  3  4  1  1 
-4.135 -5.747  20  2  1  4  1  2  3  4  1  1 
-30.692  16.678  24  2  1  4  1  2  3  4  1  1 
-2.86  0.455  3  2  1  4  1  2  3  4  1  1 
 54.942  20.09  15  2  1  4  1  2  3  4  1  2 
-58.422  54.888  23  2  1  4  1  2  3  4  1  2 
 33.671  30.161  23  2  1  4  1  2  3  4  1  2 
 5.924 -17.722  2  2  1  4  1  2  3  4  1  2 
 16.599  36.265  16  2  1  4  1  2  3  4  1  2 
 2.304 -40.41  11  2  1  4  1  2  3  4  1  2 
 84.814  38.347  3  2  1  4  1  2  3  4  1  2 
-69.604  48.363  25  2  1  4  1  2  3  4  1  2 
 6.284 -50.81  25  2  1  4  1  2  3  4  1  2 
 11.386  36.045  4  2  1  4  1  2  3  4  1  2 
 78.405  33.116  22  2  1  4  1  2  3  4  1  2 
-78.234  48.412  17  2  1  4  1  2  3  4  1  2 
-38.328  1.895  24  2  1  4  1  2  3  4  1  2 
 31.077 -67.882  22  2  1  4  1  2  3  4  2  1  2 
-25.925  6.613  10  2  1  4  1  2  3  4  2  1  2 
-16.776  11.368  21  2  1  4  1  2  3  4  2  1  2 
 90.081  42.149  9  2  1  4  1  2  3  4  2  1  2 
 49.266  86.138  21  2  1  4  1  2  3  4  2  1  2 
 6.101  24.143  18  2  1  4  1  2  3  4  2  1  2 
 21.671 -4.459  15  2  1  4  1  2  3  4  2  1  2 
 68.261  5.185  25  2  1  4  1  2  3  4  2  1  2 
 38.786  38.505  12  2  1  4  1  2  3  4  2  1  2 
-3.745 -43.785  17  2  1  4  1  2  3  4  2  1  2 
 45.286  17.826  18  2  1  4  1  2  3  4  2  1  2 
-23.612 -4.617  5  2  1  4  1  2  3  4  2  1  2 
 47.398  5.258  16  2  1  4  1  2  3  4  2  1  2 
 92.059  71.123  19  2  1  4  1  2  3  4  2  1  2 
 11.557  83.129  6  2  2  2  5  6  1  1 
 58.11  87.274  15  2  2  2  5  6  1  1 
-9.049 -96.283  17  2  2  2  5  6  1  1 
 30.198  6.54  14  2  2  2  5  6  1  1 
 16.916 -4.215  14  2  2  2  5  6  1  1 
 36.998  34.153  22  2  2  2  5  6  1  1 
-15.958  26.328  3  2  2  2  5  6  1  2 
 18.564 -15.336  9  2  2  2  5  6  1  2 
 31.864 -81.939  10  2  2  2  5  6  1  2 
 2.823  44.151  15  2  2  2  5  6  1  2 
 4.843 -9.5  21  2  2  2  5  6  1  2 
 15.555 -12.351  20  2  2  2  5  6  1  2 
-34.654 -44.639  2  2  2  2  5  6  2  1  2 
 3.232  14.872  19  2  2  2  5  6  2  1  2 
 5.826  22.941  17  2  2  2  5  6  2  1  2 
 89.984 -19.596  7  2  2  2  5  6  2  1  2 
 50.822  56.078  23  2  2  2  5  6  2  1  2 
 54.137  10.837  25  2  2  2  5  6  2  1  2 
 72.68 -21.22  6  2  2  2  5  6  2  1  2 
 46.385  68.401  7  2  2  2  5  6  2  1  2 
 47.966  25.077  3  2  4  1  7  1  1 
-75.658  97.815  25  2  4  1  7  1  1 
 59.832  13.211  6  2  4  1  7  1  1 
 14.451  14.005  25  2  4  1  7  1  1 
 72.32  72.393  10  2  4  1  7  1  1 
 61.797  20.31  10  2  4  1  7  1  1 
 36.668  26.609  23  2  4  1  7  1  1 
 30.839  49.455  25  2  4  1  7  2  1  2 
 10.251  71.178  14  2  4  1  7  2  1  2 
 13.474  1.389  7  2  4  1  7  2  1  2 
 32.633  40.129  1  2  4  1  7  2  1  2 
 39.5  15.915  10  2  4  1  7  2  1  2 
-5.509  41.099  5  2  4  1  7  2  1  2 
 28.935  0.363  25  2  4  1  7  2  1  2 
 38.249  53.221  21  2  4  1  7  2  1  2 
 1  1 
 1  2 
 1  3 
 1  4 
 2  1  3 
 2  2  4 
 4  1  2  3  4 
