 100  4  7  2  3  1.2 
 32.122 -11.187  2 
 1  80  1800  1 
 1  100  1800  1 
 2  175  1800  2 
 35.673  38.658  21  2  1  4  1  2  3  4  1  1 
 17.679  68.841  16  2  1  4  1  2  3  4  1  1 
 34.696  47.923  15  2  1  4  1  2  3  4  1  1 
 15.635  89.544  15  2  1  4  1  2  3  4  1  1 
-57.414 -29.643  22  2  1  4  1  2  3  4  1  1 
-29.167  4.642  4  2  1  4  1  2  3  4  1  1 
 91.668 -9.726  4  2  1  4  1  2  3  4  1  1 
 25.278  18.656  4  2  1  4  1  2  3  4  1  1 
-35.313 -9.165  9  2  1  4  1  2  3  4  1  1 
 24.723  36.43  25  2  1  4  1  2  3  4  1  1 
 47.362 -63.506  18  2  1  4  1  2  3  4  1  1 
-10.062 -24.509  8  2  1  4  1  2  3  4  1  1 
-32.316  12.003  3  2  1  4  1  2  3  4  1  1 
 29.142  47.526  17  2  1  4  1  2  3  4  1  1 
 57.06  0.339  5  2  1  4  1  2  3  4  1  1 
-8.493  26.359  13  2  1  4  1  2  3  4  1  1 
 21.812 -72.948  9  2  1  4  1  2  3  4  1  1 
 12.888 -37.73  13  2  1  4  1  2  3  4  1  2 
 21.262  50.902  10  2  1  4  1  2  3  4  1  2 
 49.913  3.397  1  2  1  4  1  2  3  4  1  2 
-55.76 -30.631  16  2  1  4  1  2  3  4  1  2 
 5.441  43.797  7  2  1  4  1  2  3  4  1  2 
-25.419  53.398  15  2  1  4  1  2  3  4  1  2 
 10.678 -31.785  23  2  1  4  1  2  3  4  1  2 
-21.067 -15.513  6  2  1  4  1  2  3  4  1  2 
-44.939 -71.148  23  2  1  4  1  2  3  4  1  2 
 5.039  29.38  2  2  1  4  1  2  3  4  1  2 
-16.453  52.055  10  2  1  4  1  2  3  4  1  2 
-33.665  26.499  19  2  1  4  1  2  3  4  1  2 
 55.016  48.589  24  2  1  4  1  2  3  4  1  2 
-24.369 -21.067  10  2  1  4  1  2  3  4  1  2 
-2.042  40.898  11  2  1  4  1  2  3  4  1  2 
 88.012  94.269  16  2  1  4  1  2  3  4  1  2 
-69.951 -9.201  25  2  1  4  1  2  3  4  1  2 
 37.126 -93.909  20  2  1  4  1  2  3  4  2  1  2 
-64.177  2.426  21  2  1  4  1  2  3  4  2  1  2 
-38.963  22.031  23  2  1  4  1  2  3  4  2  1  2 
 40.977  48.845  18  2  1  4  1  2  3  4  2  1  2 
 14.994 -38.615  4  2  1  4  1  2  3  4  2  1  2 
 4.532  57.756  3  2  1  4  1  2  3  4  2  1  2 
-37.785 -1.437  10  2  1  4  1  2  3  4  2  1  2 
 74.322 -35.948  3  2  1  4  1  2  3  4  2  1  2 
 14.023  89.154  15  2  1  4  1  2  3  4  2  1  2 
 45.799 -27.696  8  2  1  4  1  2  3  4  2  1  2 
-13.346  36.027  8  2  1  4  1  2  3  4  2  1  2 
 14.67  8.39  6  2  1  4  1  2  3  4  2  1  2 
-15.781 -57.299  18  2  1  4  1  2  3  4  2  1  2 
-60.222 -29.759  12  2  1  4  1  2  3  4  2  1  2 
 76.257 -35.972  6  2  1  4  1  2  3  4  2  1  2 
-3.958 -94.44  5  2  1  4  1  2  3  4  2  1  2 
 9.671 -61.699  4  2  2  2  5  6  1  1 
 26.06 -27.427  21  2  2  2  5  6  1  1 
 30.546 -23.356  18  2  2  2  5  6  1  1 
-69.213  40.831  9  2  2  2  5  6  1  1 
-43.992 -10.495  7  2  2  2  5  6  1  1 
-41.948 -51.134  8  2  2  2  5  6  1  1 
-12.54 -12.522  22  2  2  2  5  6  1  1 
 49.333 -45.134  21  2  2  2  5  6  1  1 
 30.027 -4.892  3  2  2  2  5  6  1  2 
-6.9  54.704  2  2  2  2  5  6  1  2 
 50.743 -69.958  17  2  2  2  5  6  1  2 
-59.819 -29.362  4  2  2  2  5  6  1  2 
-59.807 -31.004  18  2  2  2  5  6  1  2 
 7.962 -50.359  17  2  2  2  5  6  1  2 
-45.03  48.881  8  2  2  2  5  6  1  2 
 46.611  23.051  8  2  2  2  5  6  1  2 
-67.602  60.265  18  2  2  2  5  6  2  1  2 
-49.675  43.315  12  2  2  2  5  6  2  1  2 
-8.17  46.849  20  2  2  2  5  6  2  1  2 
-4.465  11.222  10  2  2  2  5  6  2  1  2 
 9.061  85.638  10  2  2  2  5  6  2  1  2 
 74.126  0.357  23  2  2  2  5  6  2  1  2 
 28.941  46.007  15  2  2  2  5  6  2  1  2 
-71.282 -20.713  22  2  2  2  5  6  2  1  2 
 45.079  37.132  1  2  2  2  5  6  2  1  2 
 15.122 -43.022  9  2  4  1  7  1  1 
-12.711  30.357  19  2  4  1  7  1  1 
-9.952  50.285  25  2  4  1  7  1  1 
 41.356 -58.916  13  2  4  1  7  1  1 
-38.53 -7.852  23  2  4  1  7  1  1 
 47.612 -36.57  16  2  4  1  7  1  1 
 33.934 -48.534  17  2  4  1  7  1  1 
 43.669 -42.174  17  2  4  1  7  1  1 
-27.189 -12.583  24  2  4  1  7  1  1 
 14.676 -25.51  11  2  4  1  7  1  1 
 12.558 -65.423  10  2  4  1  7  2  1  2 
 33.36 -25.877  20  2  4  1  7  2  1  2 
-41.588  24.729  21  2  4  1  7  2  1  2 
-56.163 -52.269  25  2  4  1  7  2  1  2 
 3.513  45.433  5  2  4  1  7  2  1  2 
-17.484  19.553  24  2  4  1  7  2  1  2 
 58.44  83.135  9  2  4  1  7  2  1  2 
 51.86 -52.886  23  2  4  1  7  2  1  2 
-60.491 -39.756  8  2  4  1  7  2  1  2 
-17.673  17.118  12  2  4  1  7  2  1  2 
-11.582  63.048  4  2  4  1  7  2  1  2 
 48.857 -98.102  9  2  4  1  7  2  1  2 
-23.576  50.652  8  2  4  1  7  2  1  2 
 16.385 -33.036  12  2  4  1  7  2  1  2 
-46.867 -22.3  24  2  4  1  7  2  1  2 
 1  1 
 1  2 
 1  3 
 1  4 
 2  1  3 
 2  2  4 
 4  1  2  3  4 
