 150  4  7  3  4  1.2 
 32.861  16.128  2 
 1  50  1800  1 
 1  60  1800  1 
 2  125  1800  2 
 3  175  1800  3 
 24.918  9.085  11  2  1  4  1  2  3  4  1  1 
-64.116  7.987  17  2  1  4  1  2  3  4  1  1 
 11.167  33.464  4  2  1  4  1  2  3  4  1  1 
 22.654 -52.245  4  2  1  4  1  2  3  4  1  1 
 64.586 -13.987  21  2  1  4  1  2  3  4  1  1 
-32.444  23.24  13  2  1  4  1  2  3  4  1  1 
 62.804 -24.467  14  2  1  4  1  2  3  4  1  1 
 5.393  28.104  25  2  1  4  1  2  3  4  1  1 
 6.528 -13.425  6  2  1  4  1  2  3  4  1  1 
-14.335  12.87  4  2  1  4  1  2  3  4  1  1 
 0.772  94.574  16  2  1  4  1  2  3  4  1  1 
-85.62  16.037  19  2  1  4  1  2  3  4  1  1 
 56.212 -41.533  9  2  1  4  1  2  3  4  1  1 
 59.392  11.356  3  2  1  4  1  2  3  4  1  1 
 16.611  52.66  14  2  1  4  1  2  3  4  1  1 
-12.076 -25.803  9  2  1  4  1  2  3  4  1  1 
 8.298 -14.139  17  2  1  4  1  2  3  4  1  1 
 61.956 -16.3  12  2  1  4  1  2  3  4  1  1 
-9.671 -74.053  5  2  1  4  1  2  3  4  1  1 
 20.042 -33.03  5  2  1  4  1  2  3  4  1  1 
 37.51 -9.61  21  2  1  4  1  2  3  4  1  1 
-10.288 -5.521  25  2  1  4  1  2  3  4  1  1 
 34.916 -4.727  12  2  1  4  1  2  3  4  1  1 
-19.657  12.754  1  2  1  4  1  2  3  4  1  1 
 55.058 -23.777  14  2  1  4  1  2  3  4  1  1 
 4.63 -46.745  17  2  1  4  1  2  3  4  2  1  2 
-22.745  48.357  22  2  1  4  1  2  3  4  2  1  2 
 27.537 -31.919  15  2  1  4  1  2  3  4  2  1  2 
 14.328  13.083  19  2  1  4  1  2  3  4  2  1  2 
-0.558 -59.154  4  2  1  4  1  2  3  4  2  1  2 
 34.983 -93.408  23  2  1  4  1  2  3  4  2  1  2 
-27.726  12.851  20  2  1  4  1  2  3  4  2  1  2 
 11.234 -49.748  4  2  1  4  1  2  3  4  2  1  2 
 9.104  43.284  4  2  1  4  1  2  3  4  2  1  2 
 53.874 -35.453  22  2  1  4  1  2  3  4  2  1  2 
 40.416 -33.244  25  2  1  4  1  2  3  4  2  1  2 
-4.593 -39.506  23  2  1  4  1  2  3  4  2  1  2 
-23.112  0.803  9  2  1  4  1  2  3  4  2  1  2 
-74.242  97.003  9  2  1  4  1  2  3  4  2  1  2 
 81.42 -28.294  17  2  1  4  1  2  3  4  2  1  2 
 15.305  15.781  25  2  1  4  1  2  3  4  2  1  2 
-1.389  11.795  24  2  1  4  1  2  3  4  2  1  2 
-28.709  48.088  13  2  1  4  1  2  3  4  2  1  2 
-26.054  30.088  11  2  1  4  1  2  3  4  2  1  2 
 61.419 -78.155  8  2  1  4  1  2  3  4  2  1  2 
 57.952 -35.331  1  2  1  4  1  2  3  4  2  1  2 
-9.482  10.508  3  2  1  4  1  2  3  4  2  1  2 
 46.556  1.871  18  2  1  4  1  2  3  4  2  1  2 
 25.645 -35.307  9  2  1  4  1  2  3  4  2  1  2 
-38.066 -33.128  17  2  1  4  1  2  3  4  2  1  2 
 4.544  7.608  17  2  1  4  1  2  3  4  2  2  3 
 39.738 -30.851  2  2  1  4  1  2  3  4  2  2  3 
-15.213 -17.258  25  2  1  4  1  2  3  4  2  2  3 
 42.741  13.736  4  2  1  4  1  2  3  4  2  2  3 
-54.863 -41.423  1  2  1  4  1  2  3  4  2  2  3 
 20.713 -19.84  4  2  1  4  1  2  3  4  2  2  3 
 1.395  45.915  3  2  1  4  1  2  3  4  2  2  3 
-22.239  30.558  14  2  1  4  1  2  3  4  2  2  3 
 8.396 -39.848  15  2  1  4  1  2  3  4  2  2  3 
-73.785 -9.769  8  2  1  4  1  2  3  4  2  2  3 
 66.1  17.02  6  2  1  4  1  2  3  4  2  2  3 
-52.147  0.833  4  2  1  4  1  2  3  4  2  2  3 
-29.246  11.826  18  2  1  4  1  2  3  4  2  2  3 
 31.523 -30.949  25  2  1  4  1  2  3  4  2  2  3 
-67.589  19.034  17  2  1  4  1  2  3  4  2  2  3 
 32.444  27.152  1  2  1  4  1  2  3  4  2  2  3 
-27.018  20.975  6  2  1  4  1  2  3  4  2  2  3 
-6.473 -50.792  20  2  1  4  1  2  3  4  2  2  3 
 16.495  10.367  7  2  1  4  1  2  3  4  2  2  3 
 56.078 -6.565  8  2  1  4  1  2  3  4  2  2  3 
 34.629 -41.008  3  2  1  4  1  2  3  4  2  2  3 
 46.361 -76.714  21  2  1  4  1  2  3  4  2  2  3 
 38.145  18.32  11  2  1  4  1  2  3  4  2  2  3 
 7.871 -20.402  13  2  1  4  1  2  3  4  2  2  3 
-54.503 -16.544  25  2  1  4  1  2  3  4  2  2  3 
-33.067 -0.339  8  2  1  4  1  2  3  4  2  2  3 
-21.134  65.807  21  2  1  4  1  2  3  4  2  2  3 
-18.754  33.055  15  2  1  4  1  2  3  4  2  2  3 
 0.089  32.102  11  2  1  4  1  2  3  4  2  2  3 
 73.388  3.073  22  2  1  4  1  2  3  4  2  2  3 
 43.693 -24.711  21  2  2  2  5  6  1  1 
 37.986 -14.737  11  2  2  2  5  6  1  1 
 13.352 -31.663  2  2  2  2  5  6  1  1 
 6.571  43.712  18  2  2  2  5  6  1  1 
-58.104  36.027  7  2  2  2  5  6  1  1 
 70.08 -6.662  16  2  2  2  5  6  1  1 
-27.085 -2.493  17  2  2  2  5  6  1  1 
 38.285 -41.215  4  2  2  2  5  6  1  1 
 44.298 -0.143  15  2  2  2  5  6  1  1 
 39.677 -12.894  20  2  2  2  5  6  1  1 
-7.413 -19.095  13  2  2  2  5  6  2  1  2 
 29.466 -35.221  13  2  2  2  5  6  2  1  2 
-49.193  33.842  18  2  2  2  5  6  2  1  2 
 50.102  6.449  23  2  2  2  5  6  2  1  2 
 35.777 -0.632  16  2  2  2  5  6  2  1  2 
 28.251 -28.214  2  2  2  2  5  6  2  1  2 
 56.664 -44.469  5  2  2  2  5  6  2  1  2 
 0.858 -31.962  10  2  2  2  5  6  2  1  2 
 37.23 -39.903  2  2  2  2  5  6  2  1  2 
-20.927 -77.844  5  2  2  2  5  6  2  1  2 
-69.604 -15.836  11  2  2  2  5  6  2  1  2 
 59.185  46.898  14  2  2  2  5  6  2  1  2 
-20.212 -9.384  12  2  2  2  5  6  2  1  2 
 45.64 -31.266  18  2  2  2  5  6  2  1  2 
 64.074  6.772  2  2  2  2  5  6  2  1  2 
 58.592 -16.312  10  2  2  2  5  6  2  2  3 
 95.318 -31.901  14  2  2  2  5  6  2  2  3 
 76.623  7.541  3  2  2  2  5  6  2  2  3 
-29.569 -32.792  22  2  2  2  5  6  2  2  3 
 60.814  20.646  7  2  2  2  5  6  2  2  3 
-5.643  23.124  25  2  2  2  5  6  2  2  3 
-1.749  46.147  12  2  2  2  5  6  2  2  3 
 21.934 -25.34  7  2  2  2  5  6  2  2  3 
-23.85 -15.348  16  2  2  2  5  6  2  2  3 
 36.882  0.772  5  2  2  2  5  6  2  2  3 
-22.037  74.682  7  2  4  1  7  1  1 
 20.511 -82.989  16  2  4  1  7  1  1 
-2.609  12.174  2  2  4  1  7  1  1 
 70.775  11.606  3  2  4  1  7  1  1 
 80.956 -3.012  16  2  4  1  7  1  1 
-15.537 -12.534  22  2  4  1  7  1  1 
-60.417  1.041  1  2  4  1  7  1  1 
 47.081  94.586  12  2  4  1  7  1  1 
-1.364  16.233  25  2  4  1  7  1  1 
 52.123 -24.693  24  2  4  1  7  1  1 
-61.052  1.737  12  2  4  1  7  1  1 
 54.436 -13.889  21  2  4  1  7  1  1 
-55.052  3.452  9  2  4  1  7  1  1 
-22.062  28.135  1  2  4  1  7  1  1 
 12.552  5.063  19  2  4  1  7  1  1 
 53.899 -30.284  3  2  4  1  7  2  1  2 
-3.604  6.986  11  2  4  1  7  2  1  2 
 0.449  23.014  12  2  4  1  7  2  1  2 
-31.077  44.682  10  2  4  1  7  2  1  2 
-2.872  88.91  11  2  4  1  7  2  1  2 
 19.346 -51.659  8  2  4  1  7  2  1  2 
 13.846 -15.635  12  2  4  1  7  2  1  2 
 31.254  16.971  13  2  4  1  7  2  1  2 
 53.38  7.376  9  2  4  1  7  2  1  2 
 74.053  17.136  22  2  4  1  7  2  1  2 
-59.459  61.925  9  2  4  1  7  2  2  3 
 33.744 -26.023  25  2  4  1  7  2  2  3 
 63.591  20.585  3  2  4  1  7  2  2  3 
-12.375 -9.153  17  2  4  1  7  2  2  3 
-11.411  7.157  8  2  4  1  7  2  2  3 
-31.23 -9.482  7  2  4  1  7  2  2  3 
 90.167  59.661  17  2  4  1  7  2  2  3 
 26.908  33.201  9  2  4  1  7  2  2  3 
-50.743 -6.503  22  2  4  1  7  2  2  3 
 1.926  40.971  24  2  4  1  7  2  2  3 
 1  1 
 1  2 
 1  3 
 1  4 
 2  1  3 
 2  2  4 
 4  1  2  3  4 
