 500  5  9  5  10  1.2 
 16.146  7.958  1 
 1  65  1800  1 
 1  70  1800  1 
 1  75  1800  1 
 2  80  1800  2 
 2  90  1800  2 
 3  110  1800  3 
 3  120  1800  3 
 4  130  1800  4 
 4  135  1800  4 
 5  160  1800  5 
-61.702  102.805  9  1  1  5  1  2  3  4  5  1  1 
-51.094  89.193  10  1  1  5  1  2  3  4  5  1  1 
-65.865  10.028  25  1  1  5  1  2  3  4  5  1  1 
-33.1  106.455  23  1  1  5  1  2  3  4  5  1  1 
-107.419  24.348  11  1  1  5  1  2  3  4  5  1  1 
 75.973 -42.952  14  1  1  5  1  2  3  4  5  1  1 
 116.514 -52.01  14  1  1  5  1  2  3  4  5  1  1 
-117.27  38.142  22  1  1  5  1  2  3  4  5  1  1 
 98.447 -22.199  4  1  1  5  1  2  3  4  5  1  1 
 125.01 -24.592  13  1  1  5  1  2  3  4  5  1  1 
-84.103  84.176  3  1  1  5  1  2  3  4  5  1  1 
-70.406  103.903  8  1  1  5  1  2  3  4  5  1  1 
 69.149 -125.559  9  1  1  5  1  2  3  4  5  1  1 
-45.393 -105.454  24  1  1  5  1  2  3  4  5  1  1 
 120.261  24.567  18  1  1  5  1  2  3  4  5  1  1 
 41.133 -61.629  2  1  1  5  1  2  3  4  5  1  1 
-83.712  92.074  14  1  1  5  1  2  3  4  5  1  1 
-71.358  33.65  8  1  1  5  1  2  3  4  5  1  1 
-119.749  116.977  24  1  1  5  1  2  3  4  5  1  1 
 105.063 -37.654  22  1  1  5  1  2  3  4  5  1  1 
 77.303 -38.581  2  1  1  5  1  2  3  4  5  1  1 
-113.388 -84.579  5  1  1  5  1  2  3  4  5  1  1 
 68.368 -44.99  15  1  1  5  1  2  3  4  5  1  1 
-77.938 -14.277  23  1  1  5  1  2  3  4  5  1  1 
-84.872  84.555  15  1  1  5  1  2  3  4  5  1  1 
 77.059  28.01  20  1  1  5  1  2  3  4  5  1  1 
-66.646  87.179  18  1  1  5  1  2  3  4  5  1  1 
-77.242  1.52  6  1  1  5  1  2  3  4  5  1  1 
 93.93 -1.141  20  1  1  5  1  2  3  4  5  1  1 
-57.576 -54.695  5  1  1  5  1  2  3  4  5  1  1 
-32.148  93.93  14  1  1  5  1  2  3  4  5  1  1 
-40.156  99.765  18  1  1  5  1  2  3  4  5  1  1 
-69.881 -66.561  18  1  1  5  1  2  3  4  5  1  1 
 7.953  9.723  17  1  1  5  1  2  3  4  5  1  1 
-49.495 -29.939  8  1  1  5  1  2  3  4  5  1  1 
 53.914 -47.615  11  1  1  5  1  2  3  4  5  1  1 
-65.535  124.216  7  1  1  5  1  2  3  4  5  1  1 
 104.672  32.954  14  1  1  5  1  2  3  4  5  1  1 
-30.415  87.02  21  1  1  5  1  2  3  4  5  1  1 
 110.691  6.769  6  1  1  5  1  2  3  4  5  1  1 
 68.307 -20.93  25  1  1  5  1  2  3  4  5  1  1 
-62.716 -10.016  13  1  1  5  1  2  3  4  5  1  1 
 82.272 -55.55  7  1  1  5  1  2  3  4  5  1  1 
-68.685 -16.926  16  1  1  5  1  2  3  4  5  1  1 
-92.843  90.06  7  1  1  5  1  2  3  4  5  1  1 
 79.904  25.678  23  1  1  5  1  2  3  4  5  1  1 
-25.922  199.597  13  1  1  5  1  2  3  4  5  1  1 
 97.14 -57.002  10  1  1  5  1  2  3  4  5  1  1 
-25.593  83.529  4  1  1  5  1  2  3  4  5  1  1 
 97.25 -10.981  13  1  1  5  1  2  3  4  5  1  1 
 60.298  33.699  11  1  1  5  1  2  3  4  5  2  1  2 
 69.21 -59.273  24  1  1  5  1  2  3  4  5  2  1  2 
 65.352 -35.224  25  1  1  5  1  2  3  4  5  2  1  2 
 45.308 -32.685  21  1  1  5  1  2  3  4  5  2  1  2 
 83.09  3.864  24  1  1  5  1  2  3  4  5  2  1  2 
 78.402  16.169  11  1  1  5  1  2  3  4  5  2  1  2 
-93.832  126.328  15  1  1  5  1  2  3  4  5  2  1  2 
-39.033  112.302  4  1  1  5  1  2  3  4  5  2  1  2 
 83.139 -45.54  4  1  1  5  1  2  3  4  5  2  1  2 
 56.99 -5.39  8  1  1  5  1  2  3  4  5  2  1  2 
-83.895  60.909  8  1  1  5  1  2  3  4  5  2  1  2 
 94.003  18.854  7  1  1  5  1  2  3  4  5  2  1  2 
 42.903  12.604  24  1  1  5  1  2  3  4  5  2  1  2 
-117.051  171.191  16  1  1  5  1  2  3  4  5  2  1  2 
 52.901 -60.103  17  1  1  5  1  2  3  4  5  2  1  2 
 145.274  9.589  19  1  1  5  1  2  3  4  5  2  1  2 
-23.884  76.608  22  1  1  5  1  2  3  4  5  2  1  2 
 96.677 -75.924  14  1  1  5  1  2  3  4  5  2  1  2 
 76.351 -12.665  16  1  1  5  1  2  3  4  5  2  1  2 
 77.084  30.305  3  1  1  5  1  2  3  4  5  2  1  2 
-73.409  97.25  19  1  1  5  1  2  3  4  5  2  1  2 
 77.059 -127.61  11  1  1  5  1  2  3  4  5  2  1  2 
 93.674 -46.956  9  1  1  5  1  2  3  4  5  2  1  2 
-60.201  6.378  17  1  1  5  1  2  3  4  5  2  1  2 
 61.165 -43.611  3  1  1  5  1  2  3  4  5  2  1  2 
 27.107  10.956  19  1  1  5  1  2  3  4  5  2  1  2 
-61.104 -22.993  22  1  1  5  1  2  3  4  5  2  1  2 
 25.593 -28.681  13  1  1  5  1  2  3  4  5  2  1  2 
 55.757 -52.217  23  1  1  5  1  2  3  4  5  2  1  2 
-94.137 -9.272  23  1  1  5  1  2  3  4  5  2  1  2 
-120.701  97.275  22  1  1  5  1  2  3  4  5  2  1  2 
-42.048  92.88  11  1  1  5  1  2  3  4  5  2  1  2 
 94.687 -12.079  24  1  1  5  1  2  3  4  5  2  1  2 
-69.381  89.108  18  1  1  5  1  2  3  4  5  2  1  2 
-38.557 -39.802  8  1  1  5  1  2  3  4  5  2  1  2 
 70.309 -46.26  3  1  1  5  1  2  3  4  5  2  1  2 
 50.447 -37.373  7  1  1  5  1  2  3  4  5  2  1  2 
-79.684  99.362  5  1  1  5  1  2  3  4  5  2  1  2 
-6.183 -21.467  23  1  1  5  1  2  3  4  5  2  1  2 
-146.019  163.524  23  1  1  5  1  2  3  4  5  2  1  2 
 63.35 -37.288  15  1  1  5  1  2  3  4  5  2  1  2 
-77.303  16.388  13  1  1  5  1  2  3  4  5  2  1  2 
-30.366 -155.223  19  1  1  5  1  2  3  4  5  2  1  2 
 144.932  29.56  19  1  1  5  1  2  3  4  5  2  1  2 
 112.558  30.818  8  1  1  5  1  2  3  4  5  2  1  2 
-74.483 -2.399  18  1  1  5  1  2  3  4  5  2  1  2 
 52.449 -2.557  11  1  1  5  1  2  3  4  5  2  1  2 
 92.55 -29.109  14  1  1  5  1  2  3  4  5  2  1  2 
 49.202 -84.689  19  1  1  5  1  2  3  4  5  2  1  2 
-88.668  70.528  4  1  1  5  1  2  3  4  5  2  1  2 
-76.315  103.647  7  1  1  5  1  2  3  4  5  2  2  3 
 45.503 -68.746  8  1  1  5  1  2  3  4  5  2  2  3 
 121.348 -14.264  3  1  1  5  1  2  3  4  5  2  2  3 
 0.543 -34.272  22  1  1  5  1  2  3  4  5  2  2  3 
-52.022 -52.022  18  1  1  5  1  2  3  4  5  2  2  3 
-12.372  73.959  1  1  1  5  1  2  3  4  5  2  2  3 
-24.726  51.216  10  1  1  5  1  2  3  4  5  2  2  3 
 98.471 -24.47  9  1  1  5  1  2  3  4  5  2  2  3 
-73.617  87.533  9  1  1  5  1  2  3  4  5  2  2  3 
-55.477 -12.067  14  1  1  5  1  2  3  4  5  2  2  3 
-168.188  156.603  9  1  1  5  1  2  3  4  5  2  2  3 
-88.986  47.664  4  1  1  5  1  2  3  4  5  2  2  3 
 78.866 -54.048  21  1  1  5  1  2  3  4  5  2  2  3 
 91.891 -7.025  18  1  1  5  1  2  3  4  5  2  2  3 
-83.59  67.843  4  1  1  5  1  2  3  4  5  2  2  3 
-61.068  87.228  6  1  1  5  1  2  3  4  5  2  2  3 
-64.461  102.512  21  1  1  5  1  2  3  4  5  2  2  3 
 78.011 -29.072  11  1  1  5  1  2  3  4  5  2  2  3 
-90.939  102.695  4  1  1  5  1  2  3  4  5  2  2  3 
-64.998 -19.575  14  1  1  5  1  2  3  4  5  2  2  3 
-63.814  114.206  11  1  1  5  1  2  3  4  5  2  2  3 
-76.254  20.82  17  1  1  5  1  2  3  4  5  2  2  3 
-128.208 -22.517  4  1  1  5  1  2  3  4  5  2  2  3 
-49.434  155.199  4  1  1  5  1  2  3  4  5  2  2  3 
-104.648 -93.881  14  1  1  5  1  2  3  4  5  2  2  3 
-66.341  130.076  3  1  1  5  1  2  3  4  5  2  2  3 
 24.873 -62.545  25  1  1  5  1  2  3  4  5  2  2  3 
 40.962 -94.906  6  1  1  5  1  2  3  4  5  2  2  3 
 70.821  25.568  14  1  1  5  1  2  3  4  5  2  2  3 
 88.864  14.618  9  1  1  5  1  2  3  4  5  2  2  3 
-73.763  23.725  2  1  1  5  1  2  3  4  5  2  2  3 
-73.177  91.891  21  1  1  5  1  2  3  4  5  2  2  3 
 54.488 -70.919  1  1  1  5  1  2  3  4  5  2  2  3 
-55.525 -34.223  21  1  1  5  1  2  3  4  5  2  2  3 
-50.508  0.836  22  1  1  5  1  2  3  4  5  2  2  3 
-93.759  29.853  8  1  1  5  1  2  3  4  5  2  2  3 
 47.322 -25.41  19  1  1  5  1  2  3  4  5  2  2  3 
 59.505 -58.65  12  1  1  5  1  2  3  4  5  2  2  3 
-96.738 -47.798  12  1  1  5  1  2  3  4  5  2  2  3 
-72.64  71.554  2  1  1  5  1  2  3  4  5  2  2  3 
 31.281 -27.522  23  1  1  5  1  2  3  4  5  2  2  3 
 90.17  3.436  7  1  1  5  1  2  3  4  5  2  2  3 
-60.225  144.163  8  1  1  5  1  2  3  4  5  2  2  3 
 97.714  25.471  17  1  1  5  1  2  3  4  5  2  2  3 
-65.304  91.916  15  1  1  5  1  2  3  4  5  2  2  3 
-119.37  123.643  12  1  1  5  1  2  3  4  5  2  2  3 
 80.026  14.74  5  1  1  5  1  2  3  4  5  2  2  3 
-48.433  93.344  23  1  1  5  1  2  3  4  5  2  2  3 
-69.723  86.3  11  1  1  5  1  2  3  4  5  2  2  3 
-57.552  57.479  23  1  1  5  1  2  3  4  5  2  2  3 
 111.814 -24.274  18  1  1  5  1  2  3  4  5  2  3  4 
-40.339  118.296  23  1  1  5  1  2  3  4  5  2  3  4 
-146.654 -35.31  2  1  1  5  1  2  3  4  5  2  3  4 
-91.83  92.001  7  1  1  5  1  2  3  4  5  2  3  4 
-36.006  93.405  10  1  1  5  1  2  3  4  5  2  3  4 
 72.14  20.869  12  1  1  5  1  2  3  4  5  2  3  4 
 64.705 -3.339  8  1  1  5  1  2  3  4  5  2  3  4 
-79.208  93.539  12  1  1  5  1  2  3  4  5  2  3  4 
 95.37 -121.409  23  1  1  5  1  2  3  4  5  2  3  4 
-7.685  171.557  4  1  1  5  1  2  3  4  5  2  3  4 
 123.887 -73.104  8  1  1  5  1  2  3  4  5  2  3  4 
-18.403 -18.757  8  1  1  5  1  2  3  4  5  2  3  4 
-51.912  52.449  9  1  1  5  1  2  3  4  5  2  3  4 
-11.798 -78.085  21  1  1  5  1  2  3  4  5  2  3  4 
-125.95 -47.224  12  1  1  5  1  2  3  4  5  2  3  4 
-74.239  114.377  21  1  1  5  1  2  3  4  5  2  3  4 
-105.795  157.164  19  1  1  5  1  2  3  4  5  2  3  4 
 49.141 -40.352  4  1  1  5  1  2  3  4  5  2  3  4 
-64.339  91.537  18  1  1  5  1  2  3  4  5  2  3  4 
-80.502  98.935  19  1  1  5  1  2  3  4  5  2  3  4 
-93.49  13.654  13  1  1  5  1  2  3  4  5  2  3  4 
 142.93  11.2  3  1  1  5  1  2  3  4  5  2  3  4 
 56.319 -43.525  7  1  1  5  1  2  3  4  5  2  3  4 
-14.985 -25.141  25  1  1  5  1  2  3  4  5  2  3  4 
-20.38  123.484  12  1  1  5  1  2  3  4  5  2  3  4 
-85.556  117.576  4  1  1  5  1  2  3  4  5  2  3  4 
 101.242  34.419  15  1  1  5  1  2  3  4  5  2  3  4 
-102.182  83.773  10  1  1  5  1  2  3  4  5  2  3  4 
 107.077 -25.617  19  1  1  5  1  2  3  4  5  2  3  4 
 20.881 -43.428  8  1  1  5  1  2  3  4  5  2  3  4 
 60.897  5.206  2  1  1  5  1  2  3  4  5  2  3  4 
-81.32 -29.353  11  1  1  5  1  2  3  4  5  2  3  4 
-67.977  107.407  21  1  1  5  1  2  3  4  5  2  3  4 
-69.124  57.112  17  1  1  5  1  2  3  4  5  2  3  4 
 37.642 -0.482  22  1  1  5  1  2  3  4  5  2  3  4 
 75.692 -2.631  1  1  1  5  1  2  3  4  5  2  3  4 
 90.316  31.806  17  1  1  5  1  2  3  4  5  2  3  4 
-82.125 -38.166  10  1  1  5  1  2  3  4  5  2  3  4 
 54.415  7.16  12  1  1  5  1  2  3  4  5  2  3  4 
-87.362 -53.475  3  1  1  5  1  2  3  4  5  2  3  4 
-58.419  67.757  11  1  1  5  1  2  3  4  5  2  3  4 
-69.588  115.598  4  1  1  5  1  2  3  4  5  2  3  4 
-90.255  8.356  11  1  1  5  1  2  3  4  5  2  3  4 
 56.111 -33.845  25  1  1  5  1  2  3  4  5  2  3  4 
 90.085  4.608  13  1  1  5  1  2  3  4  5  2  3  4 
 174.108 -51.546  20  1  1  5  1  2  3  4  5  2  3  4 
 82.626 -31.77  19  1  1  5  1  2  3  4  5  2  3  4 
 85.397 -69.991  23  1  1  5  1  2  3  4  5  2  3  4 
 53.536 -58.382  10  1  1  5  1  2  3  4  5  2  3  4 
-164.94  91.232  10  1  1  5  1  2  3  4  5  2  3  4 
-72.396  113.657  9  1  1  5  1  2  3  4  5  2  4  5 
 11.042  19.794  12  1  1  5  1  2  3  4  5  2  4  5 
-72.335  197.388  3  1  1  5  1  2  3  4  5  2  4  5 
-32.148  79.281  6  1  1  5  1  2  3  4  5  2  4  5 
 63.094 -69.259  2  1  1  5  1  2  3  4  5  2  4  5 
 80.074 -61.556  6  1  1  5  1  2  3  4  5  2  4  5 
 63.253 -97.287  24  1  1  5  1  2  3  4  5  2  4  5 
 93.173 -38.411  10  1  1  5  1  2  3  4  5  2  4  5 
 31.037  123.313  25  1  1  5  1  2  3  4  5  2  4  5 
 94.162  37.397  7  1  1  5  1  2  3  4  5  2  4  5 
 124.888 -15.351  14  1  1  5  1  2  3  4  5  2  4  5 
-48.64  81.503  17  1  1  5  1  2  3  4  5  2  4  5 
-95.431 -73.397  8  1  1  5  1  2  3  4  5  2  4  5 
 27.314 -60.176  24  1  1  5  1  2  3  4  5  2  4  5 
 96.738  0.543  18  1  1  5  1  2  3  4  5  2  4  5 
 58.626 -71.346  11  1  1  5  1  2  3  4  5  2  4  5 
 46.59 -27.021  22  1  1  5  1  2  3  4  5  2  4  5 
 90.719 -30.744  23  1  1  5  1  2  3  4  5  2  4  5 
 82.284 -32.661  6  1  1  5  1  2  3  4  5  2  4  5 
-133.946 -49.251  13  1  1  5  1  2  3  4  5  2  4  5 
-83.419  107.395  24  1  1  5  1  2  3  4  5  2  4  5 
 20.698  98.105  7  1  1  5  1  2  3  4  5  2  4  5 
-70.638  91.208  10  1  1  5  1  2  3  4  5  2  4  5 
 89.071 -49.031  1  1  1  5  1  2  3  4  5  2  4  5 
-96.664 -16.62  25  1  1  5  1  2  3  4  5  2  4  5 
 112.082 -34.7  14  1  1  5  1  2  3  4  5  2  4  5 
 134.959  73.36  4  1  1  5  1  2  3  4  5  2  4  5 
 55.818 -47.139  1  1  1  5  1  2  3  4  5  2  4  5 
-72.787  88.681  9  1  1  5  1  2  3  4  5  2  4  5 
 55.586 -21.821  9  1  1  5  1  2  3  4  5  2  4  5 
 95.944 -41.633  2  1  1  5  1  2  3  4  5  2  4  5 
-47.749  96.115  11  1  1  5  1  2  3  4  5  2  4  5 
 38.936 -36.799  6  1  1  5  1  2  3  4  5  2  4  5 
-83.944 -8.271  23  1  1  5  1  2  3  4  5  2  4  5 
-72.677 -2.155  4  1  1  5  1  2  3  4  5  2  4  5 
 80.465 -47.224  2  1  1  5  1  2  3  4  5  2  4  5 
 69.601  1.105  10  1  1  5  1  2  3  4  5  2  4  5 
-76.778  71.493  13  1  1  5  1  2  3  4  5  2  4  5 
 104.099  4.413  9  1  1  5  1  2  3  4  5  2  4  5 
 102.414 -131.358  18  1  1  5  1  2  3  4  5  2  4  5 
-90.17  79.061  9  1  1  5  1  2  3  4  5  2  4  5 
 123.618 -14.496  3  1  1  5  1  2  3  4  5  2  4  5 
-102.634  55.782  24  1  1  5  1  2  3  4  5  2  4  5 
 45.796  38.997  24  1  1  5  1  2  3  4  5  2  4  5 
-32.527  23.188  25  1  1  5  1  2  3  4  5  2  4  5 
-53.426  98.41  3  1  1  5  1  2  3  4  5  2  4  5 
 120.774 -20.344  13  1  1  5  1  2  3  4  5  2  4  5 
 50.313 -38.801  15  1  1  5  1  2  3  4  5  2  4  5 
-49.434 -7.697  9  1  1  5  1  2  3  4  5  2  4  5 
 105.368  17.206  17  1  1  5  1  2  3  4  5  2  4  5 
-80.233  107.443  4  1  2  3  6  7  8  1  1 
-60.115 -44.282  18  1  2  3  6  7  8  1  1 
-96.396 -41.548  16  1  2  3  6  7  8  1  1 
-34.858  125.559  9  1  2  3  6  7  8  1  1 
-71.334 -42.524  3  1  2  3  6  7  8  1  1 
-37.996  98.63  23  1  2  3  6  7  8  1  1 
-72.433  24.396  21  1  2  3  6  7  8  1  1 
 62.435 -58.052  16  1  2  3  6  7  8  1  1 
-69.015  128.636  18  1  2  3  6  7  8  1  1 
 160.643  26.923  5  1  2  3  6  7  8  1  1 
 77.377 -12.946  11  1  2  3  6  7  8  1  1 
 44.453 -55.025  8  1  2  3  6  7  8  1  1 
-90.683 -40.669  9  1  2  3  6  7  8  1  1 
 22.565 -78.658  12  1  2  3  6  7  8  1  1 
 83.554 -97.385  12  1  2  3  6  7  8  1  1 
 52.73  29.402  2  1  2  3  6  7  8  1  1 
 80.978 -45.564  5  1  2  3  6  7  8  1  1 
-63.936  122.654  23  1  2  3  6  7  8  1  1 
-81.784 -14.716  2  1  2  3  6  7  8  1  1 
 121.421  3.058  22  1  2  3  6  7  8  1  1 
-94.845  150.047  16  1  2  3  6  7  8  1  1 
 125.364  95.59  21  1  2  3  6  7  8  1  1 
 110.312 -32.038  17  1  2  3  6  7  8  1  1 
-56.38  107.859  11  1  2  3  6  7  8  1  1 
 98.398 -56.49  13  1  2  3  6  7  8  1  1 
 81.686  4.755  2  1  2  3  6  7  8  1  1 
-65.108  81.417  25  1  2  3  6  7  8  1  1 
 105.026  40.84  16  1  2  3  6  7  8  1  1 
-64.632  113.291  22  1  2  3  6  7  8  1  1 
 89.279 -67.891  5  1  2  3  6  7  8  1  1 
 135.557  28.034  12  1  2  3  6  7  8  2  1  2 
-96.103  76.693  8  1  2  3  6  7  8  2  1  2 
 121.335  35.774  14  1  2  3  6  7  8  2  1  2 
-105.857  67.989  6  1  2  3  6  7  8  2  1  2 
-35.823 -40.376  24  1  2  3  6  7  8  2  1  2 
-83.016 -16.547  22  1  2  3  6  7  8  2  1  2 
-31.892  88.119  7  1  2  3  6  7  8  2  1  2 
-117.588  154.662  19  1  2  3  6  7  8  2  1  2 
-50.838 -20.71  23  1  2  3  6  7  8  2  1  2 
-60.86 -12.226  22  1  2  3  6  7  8  2  1  2 
-54.585  32.063  5  1  2  3  6  7  8  2  1  2 
-69.662 -30.622  12  1  2  3  6  7  8  2  1  2 
-48.372 -33.503  6  1  2  3  6  7  8  2  1  2 
-23.054  69.552  1  1  2  3  6  7  8  2  1  2 
-37.422  35.078  18  1  2  3  6  7  8  2  1  2 
-47.566  98.886  2  1  2  3  6  7  8  2  1  2 
 58.992  30.757  23  1  2  3  6  7  8  2  1  2 
-52.84 -16.449  5  1  2  3  6  7  8  2  1  2 
-81.979 -16.889  2  1  2  3  6  7  8  2  1  2 
-44.551  112.534  5  1  2  3  6  7  8  2  1  2 
 78.5 -58.602  24  1  2  3  6  7  8  2  1  2 
-152.379  122.19  21  1  2  3  6  7  8  2  1  2 
-68.014  95.48  12  1  2  3  6  7  8  2  1  2 
-52.73  116.794  25  1  2  3  6  7  8  2  1  2 
-53.316  4.157  10  1  2  3  6  7  8  2  1  2 
-67.33  78.732  24  1  2  3  6  7  8  2  1  2 
 50.801 -29.389  22  1  2  3  6  7  8  2  1  2 
-80.746  98.349  9  1  2  3  6  7  8  2  1  2 
-83.908 -55.684  16  1  2  3  6  7  8  2  1  2 
 24.543 -65.987  12  1  2  3  6  7  8  2  1  2 
 80.612  25.764  12  1  2  3  6  7  8  2  2  3 
-141.185  54.988  9  1  2  3  6  7  8  2  2  3 
-65.267  99.57  24  1  2  3  6  7  8  2  2  3 
-63.448  129.759  17  1  2  3  6  7  8  2  2  3 
 60.762 -55.33  6  1  2  3  6  7  8  2  2  3 
-54.073  91.366  24  1  2  3  6  7  8  2  2  3 
-28.144  173.022  2  1  2  3  6  7  8  2  2  3 
 37.043  13.91  25  1  2  3  6  7  8  2  2  3 
 45.503  5.145  19  1  2  3  6  7  8  2  2  3 
 68.099 -20.234  11  1  2  3  6  7  8  2  2  3 
-49.8  9.76  14  1  2  3  6  7  8  2  2  3 
-24.738  108.994  24  1  2  3  6  7  8  2  2  3 
 41.609 -39.314  6  1  2  3  6  7  8  2  2  3 
 109.153  38.398  24  1  2  3  6  7  8  2  2  3 
-76.901 -17.426  7  1  2  3  6  7  8  2  2  3 
 24.067  125.864  15  1  2  3  6  7  8  2  2  3 
 34.761 -57.418  3  1  2  3  6  7  8  2  2  3 
-87.326 -74.972  18  1  2  3  6  7  8  2  2  3 
-38.423  18.232  19  1  2  3  6  7  8  2  2  3 
 125.315  20.539  7  1  2  3  6  7  8  2  2  3 
-63.338 -40.193  7  1  2  3  6  7  8  2  2  3 
 59.432 -33.052  1  1  2  3  6  7  8  2  2  3 
-67.135  38.936  12  1  2  3  6  7  8  2  2  3 
 37.41 -68.502  21  1  2  3  6  7  8  2  2  3 
-66.952 -59.004  22  1  2  3  6  7  8  2  2  3 
 52.876 -85.885  13  1  2  3  6  7  8  2  2  3 
 113.767 -4.144  11  1  2  3  6  7  8  2  2  3 
-48.018  49.483  6  1  2  3  6  7  8  2  2  3 
-90.451  106.296  1  1  2  3  6  7  8  2  2  3 
-41.914  109.799  19  1  2  3  6  7  8  2  2  3 
 102.866  6.525  14  1  2  3  6  7  8  2  3  4 
-96.994  31.196  25  1  2  3  6  7  8  2  3  4 
 52.583 -42.439  7  1  2  3  6  7  8  2  3  4 
 55.745 -30.39  7  1  2  3  6  7  8  2  3  4 
 86.496 -6.403  10  1  2  3  6  7  8  2  3  4 
 70.602 -91.183  25  1  2  3  6  7  8  2  3  4 
 55.745 -71.334  12  1  2  3  6  7  8  2  3  4 
 49.519 -66.024  18  1  2  3  6  7  8  2  3  4 
-138.829  43.989  25  1  2  3  6  7  8  2  3  4 
-38.838 -2.142  6  1  2  3  6  7  8  2  3  4 
-86.276 -66.036  10  1  2  3  6  7  8  2  3  4 
 73.495 -57.051  23  1  2  3  6  7  8  2  3  4 
-58.98  109.616  24  1  2  3  6  7  8  2  3  4 
-126.145  30.024  22  1  2  3  6  7  8  2  3  4 
 89.877 -5.548  14  1  2  3  6  7  8  2  3  4 
-111.985  103.952  16  1  2  3  6  7  8  2  3  4 
-33.393  19.184  9  1  2  3  6  7  8  2  3  4 
-92.453 -18.793  22  1  2  3  6  7  8  2  3  4 
-4.84 -80.587  1  1  2  3  6  7  8  2  3  4 
-40.522 -39.058  2  1  2  3  6  7  8  2  3  4 
 66.952  11.042  2  1  2  3  6  7  8  2  3  4 
-80.001  58.589  16  1  2  3  6  7  8  2  3  4 
-112.449 -24.665  7  1  2  3  6  7  8  2  3  4 
-69.356  95.114  25  1  2  3  6  7  8  2  3  4 
-82.809  117.185  17  1  2  3  6  7  8  2  3  4 
-139.561  8.039  1  1  2  3  6  7  8  2  3  4 
 109.555  33.345  22  1  2  3  6  7  8  2  3  4 
-64.571  22.431  23  1  2  3  6  7  8  2  3  4 
-18.683  53.89  14  1  2  3  6  7  8  2  3  4 
-29.951  94.748  11  1  2  3  6  7  8  2  3  4 
 27.595 -25.251  15  1  2  3  6  7  8  2  4  5 
-50.899  79.122  23  1  2  3  6  7  8  2  4  5 
-76.827 -19.953  5  1  2  3  6  7  8  2  4  5 
-70.577 -17.609  3  1  2  3  6  7  8  2  4  5 
-100.375  118.516  1  1  2  3  6  7  8  2  4  5 
 96.152  5.402  18  1  2  3  6  7  8  2  4  5 
-101.84  124.216  8  1  2  3  6  7  8  2  4  5 
-55.245  68.6  20  1  2  3  6  7  8  2  4  5 
 47.041  47.798  3  1  2  3  6  7  8  2  4  5 
 110.373 -1.849  19  1  2  3  6  7  8  2  4  5 
-78.903 -45.503  16  1  2  3  6  7  8  2  4  5 
 66.195  9.296  23  1  2  3  6  7  8  2  4  5 
-91.427 -15.448  7  1  2  3  6  7  8  2  4  5 
 69.942  81.246  1  1  2  3  6  7  8  2  4  5 
 70.907 -64.095  2  1  2  3  6  7  8  2  4  5 
 84.152  7.807  6  1  2  3  6  7  8  2  4  5 
-19.355 -57.918  5  1  2  3  6  7  8  2  4  5 
 42.293  60.054  7  1  2  3  6  7  8  2  4  5 
-26.508  154.625  24  1  2  3  6  7  8  2  4  5 
 78.475 -35.725  14  1  2  3  6  7  8  2  4  5 
-128.245 -76.131  15  1  2  3  6  7  8  2  4  5 
-68.453  87.716  16  1  2  3  6  7  8  2  4  5 
 52.29 -45.015  16  1  2  3  6  7  8  2  4  5 
 151.964  2.533  20  1  2  3  6  7  8  2  4  5 
 44.978 -74.984  24  1  2  3  6  7  8  2  4  5 
-118.625  74.166  18  1  2  3  6  7  8  2  4  5 
 67.244 -37.91  14  1  2  3  6  7  8  2  4  5 
-37.007  10.675  3  1  2  3  6  7  8  2  4  5 
 39.57 -30.915  8  1  2  3  6  7  8  2  4  5 
-40.181  120.75  19  1  2  3  6  7  8  2  4  5 
 88.693 -63.118  21  1  5  1  9  1  1 
-72.994 -39.058  16  1  5  1  9  1  1 
-5.951 -49.251  20  1  5  1  9  1  1 
-74.862  118.32  4  1  5  1  9  1  1 
-76.571  128.501  16  1  5  1  9  1  1 
 61.202  16.047  14  1  5  1  9  1  1 
 46.467 -69.32  14  1  5  1  9  1  1 
-68.734 -28.986  8  1  5  1  9  1  1 
 42.305 -20.014  11  1  5  1  9  1  1 
 71.017 -46.785  21  1  5  1  9  1  1 
 34.98 -46.406  15  1  5  1  9  1  1 
-62.728  49.226  12  1  5  1  9  1  1 
-68.929 -47.908  14  1  5  1  9  1  1 
 29.243 -21.186  2  1  5  1  9  1  1 
-58.992 -46.248  23  1  5  1  9  1  1 
-78.549  57.674  13  1  5  1  9  1  1 
 139.134  44.612  9  1  5  1  9  1  1 
-81.564  108.444  13  1  5  1  9  1  1 
 26.582 -33.467  16  1  5  1  9  1  1 
-81.429  125.413  15  1  5  1  9  1  1 
 79.635 -11.347  21  1  5  1  9  2  1  2 
-124.351  63.179  10  1  5  1  9  2  1  2 
-56.087 -0.348  19  1  5  1  9  2  1  2 
-20.49  64.364  15  1  5  1  9  2  1  2 
 118.967  84.591  2  1  5  1  9  2  1  2 
 109.909  87.411  12  1  5  1  9  2  1  2 
-49.263  85.958  13  1  5  1  9  2  1  2 
 98.373 -67.037  9  1  5  1  9  2  1  2 
-18.744  118.638  19  1  5  1  9  2  1  2 
-123.142  117.734  19  1  5  1  9  2  1  2 
-45.686  83.834  7  1  5  1  9  2  1  2 
 52.486 -8.112  6  1  5  1  9  2  1  2 
-55.489  108.481  7  1  5  1  9  2  1  2 
-2.313  142.088  25  1  5  1  9  2  1  2 
-109.214  6.684  15  1  5  1  9  2  1  2 
-65.548  72.835  5  1  5  1  9  2  1  2 
-84.225 -2.094  6  1  5  1  9  2  1  2 
-34.382 -23.2  6  1  5  1  9  2  1  2 
-43.501  64.62  11  1  5  1  9  2  1  2 
-71.444 -61.324  15  1  5  1  9  2  1  2 
 101.23  30.83  10  1  5  1  9  2  2  3 
 78.06 -16.486  6  1  5  1  9  2  2  3 
-81.381 -16.938  21  1  5  1  9  2  2  3 
 59.871  143.846  5  1  5  1  9  2  2  3 
-100.009  80.526  24  1  5  1  9  2  2  3 
-24.384  46.492  11  1  5  1  9  2  2  3 
-81.552  136.351  7  1  5  1  9  2  2  3 
-121.238  93.979  23  1  5  1  9  2  2  3 
-49.348  91.452  15  1  5  1  9  2  2  3 
 88.437  27.058  10  1  5  1  9  2  2  3 
-64.4  85.36  15  1  5  1  9  2  2  3 
 71.944 -62.813  16  1  5  1  9  2  2  3 
-54.353  0.006  6  1  5  1  9  2  2  3 
-67.586  88.021  18  1  5  1  9  2  2  3 
-78.756  35.212  4  1  5  1  9  2  2  3 
 45.454 -19.037  24  1  5  1  9  2  2  3 
 13.092  44.026  16  1  5  1  9  2  2  3 
-43.367  114.17  24  1  5  1  9  2  2  3 
 90.304  13.91  4  1  5  1  9  2  2  3 
-88.485 -27.656  23  1  5  1  9  2  2  3 
-28.401  151.537  20  1  5  1  9  2  3  4 
-54.952  8.441  1  1  5  1  9  2  3  4 
 115.342  25.739  25  1  5  1  9  2  3  4 
-30.268 -56.197  6  1  5  1  9  2  3  4 
 97.36  0.751  13  1  5  1  9  2  3  4 
 85.849  9.088  25  1  5  1  9  2  3  4 
-82.064  91.977  24  1  5  1  9  2  3  4 
 69.161 -53.829  15  1  5  1  9  2  3  4 
-51.863  100.644  14  1  5  1  9  2  3  4 
 118.43  0.47  7  1  5  1  9  2  3  4 
-66.073  2.484  5  1  5  1  9  2  3  4 
-43.965 -6.781  14  1  5  1  9  2  3  4 
 51.79 -125.669  7  1  5  1  9  2  3  4 
-40.657  99.594  9  1  5  1  9  2  3  4 
 21.149 -63.082  12  1  5  1  9  2  3  4 
-131.614  23.139  5  1  5  1  9  2  3  4 
 67.562  4.694  18  1  5  1  9  2  3  4 
-30.988  103.757  1  1  5  1  9  2  3  4 
 75.192  4.523  21  1  5  1  9  2  3  4 
-50.093  90.841  24  1  5  1  9  2  3  4 
-93.21  90.805  7  1  5  1  9  2  4  5 
-82.101  106.65  8  1  5  1  9  2  4  5 
 11.628  6.256  17  1  5  1  9  2  4  5 
 54.427 -45.686  10  1  5  1  9  2  4  5 
-72.53  62.935  22  1  5  1  9  2  4  5 
 65.828  17.304  7  1  5  1  9  2  4  5 
-56.185  83.566  20  1  5  1  9  2  4  5 
 65.963 -39.314  9  1  5  1  9  2  4  5 
-175.597 -56.185  25  1  5  1  9  2  4  5 
-90.988 -6.989  8  1  5  1  9  2  4  5 
 89.84  7.306  18  1  5  1  9  2  4  5 
-86.117  114.096  12  1  5  1  9  2  4  5 
 84.848  23.823  25  1  5  1  9  2  4  5 
-38.716 -7.111  1  1  5  1  9  2  4  5 
-35.127  43.281  11  1  5  1  9  2  4  5 
-80.099  108.737  23  1  5  1  9  2  4  5 
 90.402 -36.811  11  1  5  1  9  2  4  5 
-69.613  13.813  3  1  5  1  9  2  4  5 
-107.822 -22.602  15  1  5  1  9  2  4  5 
-41.389 -43.196  9  1  5  1  9  2  4  5 
 1  1 
 1  2 
 1  3 
 1  4 
 1  5 
 2  1  3 
 2  2  4 
 2  3  5 
 5  1  2  3  4  5 
