 1000  6  12  5  13  1.2 
 45.746  28.512  1 
 1  60  1200  1 
 1  65  1200  1 
 1  70  1500  1 
 1  75  1500  1 
 2  90  1600  2 
 2  95  1600  2 
 2  100  1600  2 
 3  115  1700  3 
 3  120  1700  3 
 3  125  1700  3 
 4  130  1800  4 
 4  140  1800  4 
 5  175  1800  5 
 44.392  140.477  21  1  1  6  1  2  3  4  5  6  1  1 
 67.367  75.045  14  1  1  6  1  2  3  4  5  6  1  1 
 73.971  41.792  3  1  1  6  1  2  3  4  5  6  1  1 
 41.023  99.069  11  1  1  6  1  2  3  4  5  6  1  1 
 33.149  59.59  16  1  1  6  1  2  3  4  5  6  1  1 
 146.629  34.358  16  1  1  6  1  2  3  4  5  6  1  1 
 72.872  86.251  6  1  1  6  1  2  3  4  5  6  1  1 
 9.381  37.239  24  1  1  6  1  2  3  4  5  6  1  1 
 105.527  46.919  24  1  1  6  1  2  3  4  5  6  1  1 
-21.271 -75.887  7  1  1  6  1  2  3  4  5  6  1  1 
-5.89  37.959  2  1  1  6  1  2  3  4  5  6  1  1 
 77.328  61.214  11  1  1  6  1  2  3  4  5  6  1  1 
 143.297  67.293  10  1  1  6  1  2  3  4  5  6  1  1 
-11.396  73.373  8  1  1  6  1  2  3  4  5  6  1  1 
 7.819  31.098  23  1  1  6  1  2  3  4  5  6  1  1 
 29.023  8.185  15  1  1  6  1  2  3  4  5  6  1  1 
 32.441  63.472  12  1  1  6  1  2  3  4  5  6  1  1 
 45.845  95.712  22  1  1  6  1  2  3  4  5  6  1  1 
 26.521  16.169  25  1  1  6  1  2  3  4  5  6  1  1 
 14.911  7.111  15  1  1  6  1  2  3  4  5  6  1  1 
 31.574  126.56  12  1  1  6  1  2  3  4  5  6  1  1 
 34.101  89.096  17  1  1  6  1  2  3  4  5  6  1  1 
 136.302  92.843  4  1  1  6  1  2  3  4  5  6  1  1 
 79.183  64.547  3  1  1  6  1  2  3  4  5  6  1  1 
 10.211  90.658  20  1  1  6  1  2  3  4  5  6  1  1 
-5.902  1.691  2  1  1  6  1  2  3  4  5  6  1  1 
 16.596 -18.39  19  1  1  6  1  2  3  4  5  6  1  1 
-3.79 -52.705  13  1  1  6  1  2  3  4  5  6  1  1 
 67.843  69.759  14  1  1  6  1  2  3  4  5  6  1  1 
-15.18 -67.537  2  1  1  6  1  2  3  4  5  6  1  1 
 40.999  22.065  18  1  1  6  1  2  3  4  5  6  1  1 
 65.56 -18.964  16  1  1  6  1  2  3  4  5  6  1  1 
 73.885  67.061  22  1  1  6  1  2  3  4  5  6  1  1 
 13.727  46.15  10  1  1  6  1  2  3  4  5  6  1  1 
-14.106  60.543  11  1  1  6  1  2  3  4  5  6  1  1 
 37.385  82.54  21  1  1  6  1  2  3  4  5  6  1  1 
 33.198  3.705  15  1  1  6  1  2  3  4  5  6  1  1 
 110.935  42.012  10  1  1  6  1  2  3  4  5  6  1  1 
 81.149  60.897  9  1  1  6  1  2  3  4  5  6  1  1 
-11.481  38.374  3  1  1  6  1  2  3  4  5  6  1  1 
 33.625  48.421  11  1  1  6  1  2  3  4  5  6  1  1 
 19.587  83.517  10  1  1  6  1  2  3  4  5  6  1  1 
 100.656  84.31  15  1  1  6  1  2  3  4  5  6  1  1 
 3.424  0.409  4  1  1  6  1  2  3  4  5  6  1  1 
 54.329  118.979  9  1  1  6  1  2  3  4  5  6  1  1 
 121.763  130.357  14  1  1  6  1  2  3  4  5  6  1  1 
 34.419  105.625  21  1  1  6  1  2  3  4  5  6  1  1 
 38.594  10.895  10  1  1  6  1  2  3  4  5  6  1  1 
-2.277  23.603  14  1  1  6  1  2  3  4  5  6  1  1 
-24.824  12.25  22  1  1  6  1  2  3  4  5  6  1  1 
-57.393  47.627  16  1  1  6  1  2  3  4  5  6  1  1 
 42.866  70.931  17  1  1  6  1  2  3  4  5  6  1  1 
 38.557  70.284  7  1  1  6  1  2  3  4  5  6  1  1 
 66.536  97.079  19  1  1  6  1  2  3  4  5  6  1  1 
 22.919  38.313  15  1  1  6  1  2  3  4  5  6  1  1 
 30.976 -1.215  5  1  1  6  1  2  3  4  5  6  1  1 
 101.962  83.175  4  1  1  6  1  2  3  4  5  6  1  1 
-1.703  118.027  6  1  1  6  1  2  3  4  5  6  1  1 
 93.051 -64.449  8  1  1  6  1  2  3  4  5  6  1  1 
 46.553  105.869  13  1  1  6  1  2  3  4  5  6  1  1 
 44.563  117.661  6  1  1  6  1  2  3  4  5  6  1  1 
 20.759  79.11  9  1  1  6  1  2  3  4  5  6  1  1 
 89.071  123.057  10  1  1  6  1  2  3  4  5  6  1  1 
 79.354  51.619  22  1  1  6  1  2  3  4  5  6  1  1 
 43.977  137.107  19  1  1  6  1  2  3  4  5  6  1  1 
 61.849  15.729  2  1  1  6  1  2  3  4  5  6  1  1 
 95.358  63.033  11  1  1  6  1  2  3  4  5  6  1  1 
 33.882  58.296  13  1  1  6  1  2  3  4  5  6  1  1 
 157.152  44.795  18  1  1  6  1  2  3  4  5  6  1  1 
-15.583 -4.437  23  1  1  6  1  2  3  4  5  6  1  1 
 89.987  48.592  21  1  1  6  1  2  3  4  5  6  1  1 
 35.31  84.433  8  1  1  6  1  2  3  4  5  6  1  1 
 38.887 -23.872  11  1  1  6  1  2  3  4  5  6  1  1 
 81.478  60.445  6  1  1  6  1  2  3  4  5  6  1  1 
-7.233  51.411  19  1  1  6  1  2  3  4  5  6  1  1 
 42.451  49.812  10  1  1  6  1  2  3  4  5  6  1  1 
 88.778  10.077  1  1  1  6  1  2  3  4  5  6  1  1 
 7.001 -18.317  2  1  1  6  1  2  3  4  5  6  1  1 
 19.428 -0.262  10  1  1  6  1  2  3  4  5  6  1  1 
 60.604  74.252  5  1  1  6  1  2  3  4  5  6  1  1 
 5.097 -10.248  9  1  1  6  1  2  3  4  5  6  1  1 
-0.079  26.521  22  1  1  6  1  2  3  4  5  6  1  1 
 89.12  55.232  9  1  1  6  1  2  3  4  5  6  1  1 
 23.2  50.179  19  1  1  6  1  2  3  4  5  6  1  1 
 48.872  105.039  9  1  1  6  1  2  3  4  5  6  1  1 
 4.913  59.847  13  1  1  6  1  2  3  4  5  6  1  1 
 32.698  77.877  6  1  1  6  1  2  3  4  5  6  1  1 
 61.348  77.523  9  1  1  6  1  2  3  4  5  6  1  1 
-14.203  49.812  1  1  1  6  1  2  3  4  5  6  1  1 
 36.897  81.234  7  1  1  6  1  2  3  4  5  6  1  1 
-17.524  18.11  21  1  1  6  1  2  3  4  5  6  2  1  2 
 18.207  98.398  14  1  1  6  1  2  3  4  5  6  2  1  2 
 64.693  70.504  7  1  1  6  1  2  3  4  5  6  2  1  2 
 29.682  24.36  3  1  1  6  1  2  3  4  5  6  2  1  2 
 131.651  48.347  8  1  1  6  1  2  3  4  5  6  2  1  2 
 86.056  77.071  13  1  1  6  1  2  3  4  5  6  2  1  2 
 1.288 -73.653  25  1  1  6  1  2  3  4  5  6  2  1  2 
 53.072  74.142  17  1  1  6  1  2  3  4  5  6  2  1  2 
 33.308  86.044  7  1  1  6  1  2  3  4  5  6  2  1  2 
 109.153  67.757  25  1  1  6  1  2  3  4  5  6  2  1  2 
 50.557  70.602  1  1  1  6  1  2  3  4  5  6  2  1  2 
-1.923  24.763  3  1  1  6  1  2  3  4  5  6  2  1  2 
 60.262  28.401  17  1  1  6  1  2  3  4  5  6  2  1  2 
 61.263  116.648  22  1  1  6  1  2  3  4  5  6  2  1  2 
 62.13  62.838  9  1  1  6  1  2  3  4  5  6  2  1  2 
 26.618  39.143  25  1  1  6  1  2  3  4  5  6  2  1  2 
-3.742  10.48  5  1  1  6  1  2  3  4  5  6  2  1  2 
 25.361  74.007  20  1  1  6  1  2  3  4  5  6  2  1  2 
 3.729  0.763  15  1  1  6  1  2  3  4  5  6  2  1  2 
 81.417  98.947  2  1  1  6  1  2  3  4  5  6  2  1  2 
 52.51  65.792  8  1  1  6  1  2  3  4  5  6  2  1  2 
-32.344  14.289  14  1  1  6  1  2  3  4  5  6  2  1  2 
 156.749  100.583  10  1  1  6  1  2  3  4  5  6  2  1  2 
 73.861  86.373  17  1  1  6  1  2  3  4  5  6  2  1  2 
 37.678  42.817  5  1  1  6  1  2  3  4  5  6  2  1  2 
-12.824  147.215  25  1  1  6  1  2  3  4  5  6  2  1  2 
 19.208  16.645  23  1  1  6  1  2  3  4  5  6  2  1  2 
-76.424  73.409  3  1  1  6  1  2  3  4  5  6  2  1  2 
 47.688  89.755  18  1  1  6  1  2  3  4  5  6  2  1  2 
 9.503  7.917  15  1  1  6  1  2  3  4  5  6  2  1  2 
-2.179 -55.892  22  1  1  6  1  2  3  4  5  6  2  1  2 
 6.781  75.643  18  1  1  6  1  2  3  4  5  6  2  1  2 
 61.299  87.533  2  1  1  6  1  2  3  4  5  6  2  1  2 
 88.791 -50.948  7  1  1  6  1  2  3  4  5  6  2  1  2 
-3.729  41.328  15  1  1  6  1  2  3  4  5  6  2  1  2 
 11.933  98.508  23  1  1  6  1  2  3  4  5  6  2  1  2 
 28.474  67.415  4  1  1  6  1  2  3  4  5  6  2  1  2 
 23.09  64.473  5  1  1  6  1  2  3  4  5  6  2  1  2 
 35.762  63.643  12  1  1  6  1  2  3  4  5  6  2  1  2 
 21.638  93.368  22  1  1  6  1  2  3  4  5  6  2  1  2 
-19.391 -76.644  15  1  1  6  1  2  3  4  5  6  2  1  2 
 78.866  108.713  3  1  1  6  1  2  3  4  5  6  2  1  2 
 27.888  85.165  25  1  1  6  1  2  3  4  5  6  2  1  2 
 30.964  41.121  1  1  1  6  1  2  3  4  5  6  2  1  2 
 106.833  74.264  10  1  1  6  1  2  3  4  5  6  2  1  2 
 25.971  35.444  10  1  1  6  1  2  3  4  5  6  2  1  2 
 68.258  76.327  2  1  1  6  1  2  3  4  5  6  2  1  2 
 72.665  91.818  10  1  1  6  1  2  3  4  5  6  2  1  2 
 19.062  140.159  14  1  1  6  1  2  3  4  5  6  2  1  2 
 33.345  89.901  17  1  1  6  1  2  3  4  5  6  2  1  2 
-68.172  21.1  3  1  1  6  1  2  3  4  5  6  2  1  2 
 46.297  80.685  12  1  1  6  1  2  3  4  5  6  2  1  2 
-7.88  14.765  12  1  1  6  1  2  3  4  5  6  2  1  2 
 9.882  55.367  15  1  1  6  1  2  3  4  5  6  2  1  2 
 75.399  68.392  21  1  1  6  1  2  3  4  5  6  2  1  2 
 43.159  133.067  22  1  1  6  1  2  3  4  5  6  2  1  2 
 108.213 -24.653  20  1  1  6  1  2  3  4  5  6  2  1  2 
 1.849  53.108  6  1  1  6  1  2  3  4  5  6  2  1  2 
 24.25  22.016  13  1  1  6  1  2  3  4  5  6  2  1  2 
 0.372  15.668  24  1  1  6  1  2  3  4  5  6  2  1  2 
 11.029 -3.021  23  1  1  6  1  2  3  4  5  6  2  1  2 
 44.124  87.57  17  1  1  6  1  2  3  4  5  6  2  1  2 
 35.81  66.256  19  1  1  6  1  2  3  4  5  6  2  1  2 
 90.121  70.272  3  1  1  6  1  2  3  4  5  6  2  1  2 
 83.358  30.219  15  1  1  6  1  2  3  4  5  6  2  1  2 
 10.578  49.348  19  1  1  6  1  2  3  4  5  6  2  1  2 
 21.906  52.644  16  1  1  6  1  2  3  4  5  6  2  1  2 
 85.849  47.481  22  1  1  6  1  2  3  4  5  6  2  1  2 
 150.389  118.149  11  1  1  6  1  2  3  4  5  6  2  1  2 
 39.863  107.602  11  1  1  6  1  2  3  4  5  6  2  1  2 
 84.799  82.87  24  1  1  6  1  2  3  4  5  6  2  1  2 
-24.763  134.922  24  1  1  6  1  2  3  4  5  6  2  1  2 
 32.954  45.247  4  1  1  6  1  2  3  4  5  6  2  1  2 
-13.776  43.281  19  1  1  6  1  2  3  4  5  6  2  1  2 
 4.425  58.065  21  1  1  6  1  2  3  4  5  6  2  1  2 
 16.962 -19.843  14  1  1  6  1  2  3  4  5  6  2  1  2 
 10.456 -30.256  15  1  1  6  1  2  3  4  5  6  2  1  2 
 39.119  93.075  22  1  1  6  1  2  3  4  5  6  2  1  2 
 63.533  16.755  21  1  1  6  1  2  3  4  5  6  2  1  2 
 126.121  90.609  15  1  1  6  1  2  3  4  5  6  2  1  2 
 9.613 -0.031  11  1  1  6  1  2  3  4  5  6  2  1  2 
-43.611 -37.458  18  1  1  6  1  2  3  4  5  6  2  1  2 
-11.652  34.223  15  1  1  6  1  2  3  4  5  6  2  1  2 
 56.05  61.458  14  1  1  6  1  2  3  4  5  6  2  1  2 
 65.975  115.903  10  1  1  6  1  2  3  4  5  6  2  1  2 
 32.978  98.52  19  1  1  6  1  2  3  4  5  6  2  1  2 
 82.479  18.232  20  1  1  6  1  2  3  4  5  6  2  1  2 
 73.043  59.114  5  1  1  6  1  2  3  4  5  6  2  1  2 
 27.314  46.394  11  1  1  6  1  2  3  4  5  6  2  1  2 
 79.55  63.704  20  1  1  6  1  2  3  4  5  6  2  1  2 
 44.539  112.766  4  1  1  6  1  2  3  4  5  6  2  2  3 
-2.179  20.881  23  1  1  6  1  2  3  4  5  6  2  2  3 
 23.371 -8.136  13  1  1  6  1  2  3  4  5  6  2  2  3 
 46.834  25.227  11  1  1  6  1  2  3  4  5  6  2  2  3 
-33.418  0.848  14  1  1  6  1  2  3  4  5  6  2  2  3 
 57.723 -14.826  9  1  1  6  1  2  3  4  5  6  2  2  3 
 31.391  87.277  13  1  1  6  1  2  3  4  5  6  2  2  3 
-40.95 -11.139  21  1  1  6  1  2  3  4  5  6  2  2  3 
 62.581  121.421  4  1  1  6  1  2  3  4  5  6  2  2  3 
 111.557  54.915  5  1  1  6  1  2  3  4  5  6  2  2  3 
 36.055  21.406  6  1  1  6  1  2  3  4  5  6  2  2  3 
 60.433  108.2  2  1  1  6  1  2  3  4  5  6  2  2  3 
 25.727  73.568  6  1  1  6  1  2  3  4  5  6  2  2  3 
 9.772  12.482  25  1  1  6  1  2  3  4  5  6  2  2  3 
 40.217  41.694  10  1  1  6  1  2  3  4  5  6  2  2  3 
 92.282  105.588  21  1  1  6  1  2  3  4  5  6  2  2  3 
-49.397  189.734  13  1  1  6  1  2  3  4  5  6  2  2  3 
 101.328  85.128  15  1  1  6  1  2  3  4  5  6  2  2  3 
-16.071 -22.382  24  1  1  6  1  2  3  4  5  6  2  2  3 
-20.429 -5.182  24  1  1  6  1  2  3  4  5  6  2  2  3 
 3.778  31.062  6  1  1  6  1  2  3  4  5  6  2  2  3 
-13.349  10.663  22  1  1  6  1  2  3  4  5  6  2  2  3 
-28.84  71.236  6  1  1  6  1  2  3  4  5  6  2  2  3 
 20.942  107.749  3  1  1  6  1  2  3  4  5  6  2  2  3 
 56.38  133.677  9  1  1  6  1  2  3  4  5  6  2  2  3 
 80.148  71.578  10  1  1  6  1  2  3  4  5  6  2  2  3 
-27.143  20.808  3  1  1  6  1  2  3  4  5  6  2  2  3 
 44.185  53.499  1  1  1  6  1  2  3  4  5  6  2  2  3 
 85.385  99.399  4  1  1  6  1  2  3  4  5  6  2  2  3 
-0.458  0.055  7  1  1  6  1  2  3  4  5  6  2  2  3 
 62.911  23.603  9  1  1  6  1  2  3  4  5  6  2  2  3 
 28.108  51.424  10  1  1  6  1  2  3  4  5  6  2  2  3 
 136.534  132.933  5  1  1  6  1  2  3  4  5  6  2  2  3 
 27.619  90.17  14  1  1  6  1  2  3  4  5  6  2  2  3 
 69.808  113.95  10  1  1  6  1  2  3  4  5  6  2  2  3 
 72.713  54.671  6  1  1  6  1  2  3  4  5  6  2  2  3 
-7.465  27.265  23  1  1  6  1  2  3  4  5  6  2  2  3 
 14.899  79.061  18  1  1  6  1  2  3  4  5  6  2  2  3 
 48.701  102.78  10  1  1  6  1  2  3  4  5  6  2  2  3 
 41.768  2.326  14  1  1  6  1  2  3  4  5  6  2  2  3 
-7.257  70.87  21  1  1  6  1  2  3  4  5  6  2  2  3 
 50.472  8.759  16  1  1  6  1  2  3  4  5  6  2  2  3 
 60.079  76.461  4  1  1  6  1  2  3  4  5  6  2  2  3 
-12.873 -0.067  2  1  1  6  1  2  3  4  5  6  2  2  3 
 127.781  142.283  16  1  1  6  1  2  3  4  5  6  2  2  3 
 133.714  91.72  2  1  1  6  1  2  3  4  5  6  2  2  3 
 44.319  151.134  16  1  1  6  1  2  3  4  5  6  2  2  3 
 82.504  128.147  19  1  1  6  1  2  3  4  5  6  2  2  3 
-5.097 -5.646  21  1  1  6  1  2  3  4  5  6  2  2  3 
 83.493  95.492  21  1  1  6  1  2  3  4  5  6  2  2  3 
 13.129  97.824  4  1  1  6  1  2  3  4  5  6  2  2  3 
 35.09  49.483  1  1  1  6  1  2  3  4  5  6  2  2  3 
-70.894  33.039  10  1  1  6  1  2  3  4  5  6  2  2  3 
-57.894  50.203  4  1  1  6  1  2  3  4  5  6  2  2  3 
 56.954  89.377  9  1  1  6  1  2  3  4  5  6  2  2  3 
 6.5  23.615  8  1  1  6  1  2  3  4  5  6  2  2  3 
 66.012  57.637  18  1  1  6  1  2  3  4  5  6  2  2  3 
 23.53  56.49  18  1  1  6  1  2  3  4  5  6  2  2  3 
 38.74  60.042  3  1  1  6  1  2  3  4  5  6  2  2  3 
 61.409  63.033  17  1  1  6  1  2  3  4  5  6  2  2  3 
 13.715  65.242  7  1  1  6  1  2  3  4  5  6  2  2  3 
 55.843  57.894  9  1  1  6  1  2  3  4  5  6  2  2  3 
 15.802  57.259  14  1  1  6  1  2  3  4  5  6  2  2  3 
-1.642  95.822  15  1  1  6  1  2  3  4  5  6  2  2  3 
 13.3 -11.066  16  1  1  6  1  2  3  4  5  6  2  2  3 
 23.835  154.454  14  1  1  6  1  2  3  4  5  6  2  2  3 
 22.907 -10.114  8  1  1  6  1  2  3  4  5  6  2  2  3 
 66.036  107.126  14  1  1  6  1  2  3  4  5  6  2  2  3 
 143.004  57.247  12  1  1  6  1  2  3  4  5  6  2  2  3 
-7.831  86.813  13  1  1  6  1  2  3  4  5  6  2  2  3 
 49.849  59.932  23  1  1  6  1  2  3  4  5  6  2  2  3 
 92.965  119.773  21  1  1  6  1  2  3  4  5  6  2  2  3 
 48.299  118.052  15  1  1  6  1  2  3  4  5  6  2  2  3 
 69.735  94.272  13  1  1  6  1  2  3  4  5  6  2  2  3 
 36.75  81.869  8  1  1  6  1  2  3  4  5  6  2  2  3 
 32.832  108.933  14  1  1  6  1  2  3  4  5  6  2  2  3 
-36.274  23.847  2  1  1  6  1  2  3  4  5  6  2  2  3 
 59.542  78.28  9  1  1  6  1  2  3  4  5  6  2  2  3 
 87.582  80.001  15  1  1  6  1  2  3  4  5  6  2  2  3 
-13.959  29.572  13  1  1  6  1  2  3  4  5  6  2  2  3 
 32.759  54.195  11  1  1  6  1  2  3  4  5  6  2  2  3 
 39.851 -50.203  2  1  1  6  1  2  3  4  5  6  2  2  3 
 35.969  70.418  7  1  1  6  1  2  3  4  5  6  2  2  3 
 0.812  14.545  2  1  1  6  1  2  3  4  5  6  2  2  3 
-30.012 -10.932  21  1  1  6  1  2  3  4  5  6  2  2  3 
 39.009  82.235  24  1  1  6  1  2  3  4  5  6  2  2  3 
 8.808  136.045  3  1  1  6  1  2  3  4  5  6  2  2  3 
 10.309  58.882  20  1  1  6  1  2  3  4  5  6  2  2  3 
 15.217  45.125  2  1  1  6  1  2  3  4  5  6  2  2  3 
-1.349  17.048  18  1  1  6  1  2  3  4  5  6  2  2  3 
-22.724  33.332  17  1  1  6  1  2  3  4  5  6  2  3  4 
 48.518  115.744  21  1  1  6  1  2  3  4  5  6  2  3  4 
 17.719  172.301  9  1  1  6  1  2  3  4  5  6  2  3  4 
 24.58  6.659  10  1  1  6  1  2  3  4  5  6  2  3  4 
 11.945  1.642  13  1  1  6  1  2  3  4  5  6  2  3  4 
 0.507  34.321  13  1  1  6  1  2  3  4  5  6  2  3  4 
 16.462  79.891  18  1  1  6  1  2  3  4  5  6  2  3  4 
 71.004  94.125  5  1  1  6  1  2  3  4  5  6  2  3  4 
 5.39  16.047  23  1  1  6  1  2  3  4  5  6  2  3  4 
 61.397  53.011  5  1  1  6  1  2  3  4  5  6  2  3  4 
 1.276  28.962  15  1  1  6  1  2  3  4  5  6  2  3  4 
-50.179 -39.583  11  1  1  6  1  2  3  4  5  6  2  3  4 
 92.563  93.832  15  1  1  6  1  2  3  4  5  6  2  3  4 
-26.887 -19.892  22  1  1  6  1  2  3  4  5  6  2  3  4 
 101.816  114.145  1  1  1  6  1  2  3  4  5  6  2  3  4 
 38.777  61.568  11  1  1  6  1  2  3  4  5  6  2  3  4 
-31.172  53.78  7  1  1  6  1  2  3  4  5  6  2  3  4 
 69.82  73.336  14  1  1  6  1  2  3  4  5  6  2  3  4 
 56.587  3.693  5  1  1  6  1  2  3  4  5  6  2  3  4 
-14.679 -23.933  1  1  1  6  1  2  3  4  5  6  2  3  4 
-1.593  27.644  14  1  1  6  1  2  3  4  5  6  2  3  4 
-47.517  13.092  20  1  1  6  1  2  3  4  5  6  2  3  4 
-4.73 -10.92  8  1  1  6  1  2  3  4  5  6  2  3  4 
 20.673  39.338  4  1  1  6  1  2  3  4  5  6  2  3  4 
 4.523  5.341  25  1  1  6  1  2  3  4  5  6  2  3  4 
 67.33  68.404  2  1  1  6  1  2  3  4  5  6  2  3  4 
-11.628  11.493  7  1  1  6  1  2  3  4  5  6  2  3  4 
 33.149  44.075  15  1  1  6  1  2  3  4  5  6  2  3  4 
 86.105  67.757  20  1  1  6  1  2  3  4  5  6  2  3  4 
 15.143  2.521  22  1  1  6  1  2  3  4  5  6  2  3  4 
 82.015  79.867  3  1  1  6  1  2  3  4  5  6  2  3  4 
 78.28  53.108  11  1  1  6  1  2  3  4  5  6  2  3  4 
 18.561 -8.515  3  1  1  6  1  2  3  4  5  6  2  3  4 
 10.541  105.637  14  1  1  6  1  2  3  4  5  6  2  3  4 
 37.678 -88.217  7  1  1  6  1  2  3  4  5  6  2  3  4 
 129.893  119.529  25  1  1  6  1  2  3  4  5  6  2  3  4 
 89.694  59.798  25  1  1  6  1  2  3  4  5  6  2  3  4 
 7.624  18.818  7  1  1  6  1  2  3  4  5  6  2  3  4 
 19.66  190.674  16  1  1  6  1  2  3  4  5  6  2  3  4 
-16.498  49.007  21  1  1  6  1  2  3  4  5  6  2  3  4 
-7.514  87.912  24  1  1  6  1  2  3  4  5  6  2  3  4 
 13.764  15.217  5  1  1  6  1  2  3  4  5  6  2  3  4 
 48.543  87.887  5  1  1  6  1  2  3  4  5  6  2  3  4 
 60.787  33.43  13  1  1  6  1  2  3  4  5  6  2  3  4 
 75.546  74.325  25  1  1  6  1  2  3  4  5  6  2  3  4 
 9.699 -17.499  15  1  1  6  1  2  3  4  5  6  2  3  4 
 11.518 -6.024  1  1  1  6  1  2  3  4  5  6  2  3  4 
 44.197  77.804  15  1  1  6  1  2  3  4  5  6  2  3  4 
 30.317 -5.121  17  1  1  6  1  2  3  4  5  6  2  3  4 
 55.245  121.018  25  1  1  6  1  2  3  4  5  6  2  3  4 
 15.9  33.711  21  1  1  6  1  2  3  4  5  6  2  3  4 
 89.767  56.38  25  1  1  6  1  2  3  4  5  6  2  3  4 
 88.559  77.914  1  1  1  6  1  2  3  4  5  6  2  3  4 
 30.573  26.228  3  1  1  6  1  2  3  4  5  6  2  3  4 
 53.584  33.589  17  1  1  6  1  2  3  4  5  6  2  3  4 
 86.63  63.155  4  1  1  6  1  2  3  4  5  6  2  3  4 
-10.797 -30.61  5  1  1  6  1  2  3  4  5  6  2  3  4 
 39.766  38.923  20  1  1  6  1  2  3  4  5  6  2  3  4 
 78.719  62.947  9  1  1  6  1  2  3  4  5  6  2  3  4 
 81.246  71.541  9  1  1  6  1  2  3  4  5  6  2  3  4 
-27.204 -13.019  2  1  1  6  1  2  3  4  5  6  2  3  4 
 128.758  67.171  24  1  1  6  1  2  3  4  5  6  2  3  4 
-13.068  31.697  4  1  1  6  1  2  3  4  5  6  2  3  4 
 60.164  91.232  23  1  1  6  1  2  3  4  5  6  2  3  4 
 60.274  93.82  9  1  1  6  1  2  3  4  5  6  2  3  4 
 30.781  113.816  14  1  1  6  1  2  3  4  5  6  2  3  4 
 20.661  59.639  10  1  1  6  1  2  3  4  5  6  2  3  4 
 47.7  70.699  10  1  1  6  1  2  3  4  5  6  2  3  4 
 7.208  35.078  25  1  1  6  1  2  3  4  5  6  2  3  4 
 60.762  32.551  15  1  1  6  1  2  3  4  5  6  2  3  4 
 65.011  120.774  15  1  1  6  1  2  3  4  5  6  2  3  4 
-40.437  20.356  12  1  1  6  1  2  3  4  5  6  2  3  4 
-23.359 -35.664  11  1  1  6  1  2  3  4  5  6  2  3  4 
 45.698  74.63  2  1  1  6  1  2  3  4  5  6  2  3  4 
-6.915  117.527  24  1  1  6  1  2  3  4  5  6  2  3  4 
 87.582  68.673  11  1  1  6  1  2  3  4  5  6  2  3  4 
 42.183  90.255  15  1  1  6  1  2  3  4  5  6  2  3  4 
 68.636  71.603  11  1  1  6  1  2  3  4  5  6  2  3  4 
 10.651 -8.222  15  1  1  6  1  2  3  4  5  6  2  3  4 
-11.335  11.908  13  1  1  6  1  2  3  4  5  6  2  3  4 
-10.993  11.554  24  1  1  6  1  2  3  4  5  6  2  3  4 
-2.252  50.313  5  1  1  6  1  2  3  4  5  6  2  3  4 
 43.379  89.242  1  1  1  6  1  2  3  4  5  6  2  3  4 
 32.563  19.843  20  1  1  6  1  2  3  4  5  6  2  3  4 
 39.827  101.804  22  1  1  6  1  2  3  4  5  6  2  3  4 
 25.752  116.099  4  1  1  6  1  2  3  4  5  6  2  3  4 
 31.587  104.343  12  1  1  6  1  2  3  4  5  6  2  3  4 
-17.902  30.549  6  1  1  6  1  2  3  4  5  6  2  3  4 
 63.033  71.48  15  1  1  6  1  2  3  4  5  6  2  3  4 
 40.559  73.299  9  1  1  6  1  2  3  4  5  6  2  3  4 
 65.828  32.429  20  1  1  6  1  2  3  4  5  6  2  4  5 
 2.203  37.141  11  1  1  6  1  2  3  4  5  6  2  4  5 
-37.776  22.37  25  1  1  6  1  2  3  4  5  6  2  4  5 
-0.104  8.551  1  1  1  6  1  2  3  4  5  6  2  4  5 
-27.143  21.601  17  1  1  6  1  2  3  4  5  6  2  4  5 
 31.758  15.729  24  1  1  6  1  2  3  4  5  6  2  4  5 
 13.569 -7.111  24  1  1  6  1  2  3  4  5  6  2  4  5 
 116.135  41.877  6  1  1  6  1  2  3  4  5  6  2  4  5 
 50.081  50.642  25  1  1  6  1  2  3  4  5  6  2  4  5 
-5.023  101.352  24  1  1  6  1  2  3  4  5  6  2  4  5 
-6.5  12.738  17  1  1  6  1  2  3  4  5  6  2  4  5 
 90.109  62.02  12  1  1  6  1  2  3  4  5  6  2  4  5 
 99.191  81.967  13  1  1  6  1  2  3  4  5  6  2  4  5 
-5.438  13.398  8  1  1  6  1  2  3  4  5  6  2  4  5 
-39.167  4.718  12  1  1  6  1  2  3  4  5  6  2  4  5 
 51.924  128.77  21  1  1  6  1  2  3  4  5  6  2  4  5 
 51.424  106.821  23  1  1  6  1  2  3  4  5  6  2  4  5 
 36.299  82.492  22  1  1  6  1  2  3  4  5  6  2  4  5 
-10.065  27.473  24  1  1  6  1  2  3  4  5  6  2  4  5 
 42.439  68.722  10  1  1  6  1  2  3  4  5  6  2  4  5 
 79.989  91.22  3  1  1  6  1  2  3  4  5  6  2  4  5 
 18.549  57.772  4  1  1  6  1  2  3  4  5  6  2  4  5 
-5.914  42.598  4  1  1  6  1  2  3  4  5  6  2  4  5 
 69.613  58.199  14  1  1  6  1  2  3  4  5  6  2  4  5 
 142.698  118.833  6  1  1  6  1  2  3  4  5  6  2  4  5 
 24.58  40.718  6  1  1  6  1  2  3  4  5  6  2  4  5 
 13.446  8.063  3  1  1  6  1  2  3  4  5  6  2  4  5 
 14.093  6.488  6  1  1  6  1  2  3  4  5  6  2  4  5 
-42.756  12.323  3  1  1  6  1  2  3  4  5  6  2  4  5 
-5.39 -7.331  7  1  1  6  1  2  3  4  5  6  2  4  5 
 33.174  31.306  15  1  1  6  1  2  3  4  5  6  2  4  5 
 33.833  126.377  6  1  1  6  1  2  3  4  5  6  2  4  5 
 28.913  34.968  4  1  1  6  1  2  3  4  5  6  2  4  5 
-23.017 -3.998  5  1  1  6  1  2  3  4  5  6  2  4  5 
 3.095  12.726  3  1  1  6  1  2  3  4  5  6  2  4  5 
 101.071  90.622  11  1  1  6  1  2  3  4  5  6  2  4  5 
 43.599  93.417  7  1  1  6  1  2  3  4  5  6  2  4  5 
 70.638  33.259  19  1  1  6  1  2  3  4  5  6  2  4  5 
 3.681 -28.523  15  1  1  6  1  2  3  4  5  6  2  4  5 
 55.464  92.795  13  1  1  6  1  2  3  4  5  6  2  4  5 
 44.722  97.543  19  1  1  6  1  2  3  4  5  6  2  4  5 
 61.91  119.553  24  1  1  6  1  2  3  4  5  6  2  4  5 
-32.453 -7.782  21  1  1  6  1  2  3  4  5  6  2  4  5 
 99.484  73.58  25  1  1  6  1  2  3  4  5  6  2  4  5 
 26.984  78.231  16  1  1  6  1  2  3  4  5  6  2  4  5 
 34.37  105.368  20  1  1  6  1  2  3  4  5  6  2  4  5 
 37.947  37.08  2  1  1  6  1  2  3  4  5  6  2  4  5 
 54.231  112.9  15  1  1  6  1  2  3  4  5  6  2  4  5 
 83.737  79.525  5  1  1  6  1  2  3  4  5  6  2  4  5 
 36.14  91.342  24  1  1  6  1  2  3  4  5  6  2  4  5 
-7.624  20.014  13  1  1  6  1  2  3  4  5  6  2  4  5 
 111.533  117.051  24  1  1  6  1  2  3  4  5  6  2  4  5 
 68.624  81.002  12  1  1  6  1  2  3  4  5  6  2  4  5 
 93.393  63.277  23  1  1  6  1  2  3  4  5  6  2  4  5 
 27.973 -51.094  1  1  1  6  1  2  3  4  5  6  2  4  5 
 19.599  111.02  6  1  1  6  1  2  3  4  5  6  2  4  5 
 25.922 -20.978  24  1  1  6  1  2  3  4  5  6  2  4  5 
 4.303 -16.327  5  1  1  6  1  2  3  4  5  6  2  4  5 
 63.692  51.741  14  1  1  6  1  2  3  4  5  6  2  4  5 
 62.752  46.052  18  1  1  6  1  2  3  4  5  6  2  4  5 
 67.83  72.713  9  1  1  6  1  2  3  4  5  6  2  4  5 
 32.868  24.116  3  1  1  6  1  2  3  4  5  6  2  4  5 
 65.206  113.181  24  1  1  6  1  2  3  4  5  6  2  4  5 
 53.218  80.38  7  1  1  6  1  2  3  4  5  6  2  4  5 
-16.266  29.658  22  1  1  6  1  2  3  4  5  6  2  4  5 
-11.957 -21.943  23  1  1  6  1  2  3  4  5  6  2  4  5 
 38.337 -30.927  23  1  1  6  1  2  3  4  5  6  2  4  5 
 31.489  106.723  7  1  1  6  1  2  3  4  5  6  2  4  5 
 83.749  78.39  25  1  1  6  1  2  3  4  5  6  2  4  5 
 95.7  107.724  1  1  1  6  1  2  3  4  5  6  2  4  5 
-0.018  30.305  8  1  1  6  1  2  3  4  5  6  2  4  5 
 38.02  82.723  10  1  1  6  1  2  3  4  5  6  2  4  5 
 23.493  196.887  3  1  1  6  1  2  3  4  5  6  2  4  5 
 28.425 -11.103  8  1  1  6  1  2  3  4  5  6  2  4  5 
 76.424 -5.341  14  1  1  6  1  2  3  4  5  6  2  4  5 
 0.519  53.975  12  1  1  6  1  2  3  4  5  6  2  4  5 
 80.087  72.14  3  1  1  6  1  2  3  4  5  6  2  4  5 
 66.292  44.38  17  1  1  6  1  2  3  4  5  6  2  4  5 
-37.58  9.04  8  1  1  6  1  2  3  4  5  6  2  4  5 
 64.046  76.083  3  1  1  6  1  2  3  4  5  6  2  4  5 
 24.824 -16.474  18  1  1  6  1  2  3  4  5  6  2  4  5 
 76.461  76.656  18  1  1  6  1  2  3  4  5  6  2  4  5 
 76.791  164.159  2  1  1  6  1  2  3  4  5  6  2  4  5 
 43.11  105.502  24  1  1  6  1  2  3  4  5  6  2  4  5 
 133.97  67.672  7  1  1  6  1  2  3  4  5  6  2  4  5 
 20.417  38.74  10  1  1  6  1  2  3  4  5  6  2  4  5 
 27.107  38.02  12  1  1  6  1  2  3  4  5  6  2  4  5 
 69.417  73.824  14  1  1  6  1  2  3  4  5  6  2  4  5 
 11.127 -35.945  4  1  1  6  1  2  3  4  5  6  2  4  5 
 54.415  59.7  14  1  1  6  1  2  3  4  5  6  2  4  5 
-13.91  20.112  18  1  2  3  7  8  9  1  1 
 7.489  20.942  2  1  2  3  7  8  9  1  1 
 23.31  70.272  24  1  2  3  7  8  9  1  1 
-11.005 -45.1  10  1  2  3  7  8  9  1  1 
 54.231  118.87  3  1  2  3  7  8  9  1  1 
-12.458  7.514  6  1  2  3  7  8  9  1  1 
 33.467  75.399  4  1  2  3  7  8  9  1  1 
 68.465  76.778  5  1  2  3  7  8  9  1  1 
 19.623  63.082  6  1  2  3  7  8  9  1  1 
 52.657  27.815  17  1  2  3  7  8  9  1  1 
 76.327  61.275  18  1  2  3  7  8  9  1  1 
 40.51  96.152  10  1  2  3  7  8  9  1  1 
 121.262  87.716  11  1  2  3  7  8  9  1  1 
-12.751  92.709  4  1  2  3  7  8  9  1  1 
 38.618  27.216  4  1  2  3  7  8  9  1  1 
 51.277  92.38  6  1  2  3  7  8  9  1  1 
 74.703  75.216  12  1  2  3  7  8  9  1  1 
 18.024  16.266  6  1  2  3  7  8  9  1  1 
 62.02  77.548  20  1  2  3  7  8  9  1  1 
 37.251  99.069  12  1  2  3  7  8  9  1  1 
 77.291  99.619  3  1  2  3  7  8  9  1  1 
 45.772  38.52  3  1  2  3  7  8  9  1  1 
 63.778  94.931  6  1  2  3  7  8  9  1  1 
 87.606  84.396  14  1  2  3  7  8  9  1  1 
 6.513  52.547  19  1  2  3  7  8  9  1  1 
 11.579  80.197  16  1  2  3  7  8  9  1  1 
 52.474  19.452  3  1  2  3  7  8  9  1  1 
-6.293  23.811  23  1  2  3  7  8  9  1  1 
 25.568  136.265  6  1  2  3  7  8  9  1  1 
-33.552 -20.478  7  1  2  3  7  8  9  1  1 
 30.012 -17.011  20  1  2  3  7  8  9  1  1 
 75.692  59.932  10  1  2  3  7  8  9  1  1 
 45.454 -81.112  1  1  2  3  7  8  9  1  1 
 28.828  116.257  25  1  2  3  7  8  9  1  1 
 57.698  51.827  15  1  2  3  7  8  9  1  1 
 26.276  26.325  12  1  2  3  7  8  9  1  1 
 44.588  33.174  10  1  2  3  7  8  9  1  1 
 77.377  68.368  16  1  2  3  7  8  9  1  1 
 57.942  111.509  21  1  2  3  7  8  9  1  1 
 3.961  54.085  14  1  2  3  7  8  9  1  1 
 18.744  29.267  7  1  2  3  7  8  9  1  1 
 44.734  43.562  7  1  2  3  7  8  9  1  1 
 51.863  57.625  24  1  2  3  7  8  9  1  1 
 55.77  86.276  9  1  2  3  7  8  9  1  1 
 108.542  4.669  12  1  2  3  7  8  9  1  1 
 46.284  33.918  7  1  2  3  7  8  9  1  1 
 21.015  52.034  20  1  2  3  7  8  9  1  1 
 75.094  67.855  17  1  2  3  7  8  9  1  1 
 31.587  93.307  14  1  2  3  7  8  9  1  1 
-20.832  34.407  19  1  2  3  7  8  9  1  1 
 11.811  15.009  8  1  2  3  7  8  9  1  1 
 33.625  56.246  18  1  2  3  7  8  9  1  1 
 80.685  96.774  22  1  2  3  7  8  9  1  1 
 47.237  95.492  11  1  2  3  7  8  9  1  1 
 79.843  109.592  9  1  2  3  7  8  9  1  1 
 100.168  56.893  7  1  2  3  7  8  9  1  1 
 11.103  96.225  13  1  2  3  7  8  9  1  1 
 39.18  35.054  5  1  2  3  7  8  9  1  1 
 109.946  74.032  1  1  2  3  7  8  9  1  1 
-5.121 -15.009  1  1  2  3  7  8  9  1  1 
 35.481  84.262  5  1  2  3  7  8  9  2  1  2 
 32.234  36.03  1  1  2  3  7  8  9  2  1  2 
 98.898  40.742  10  1  2  3  7  8  9  2  1  2 
 47.737 -27.363  21  1  2  3  7  8  9  2  1  2 
-22.004  138.328  14  1  2  3  7  8  9  2  1  2 
 33.442  37.422  13  1  2  3  7  8  9  2  1  2 
 16.767 -18.757  20  1  2  3  7  8  9  2  1  2 
 75.668  68.587  16  1  2  3  7  8  9  2  1  2 
 64.974  135.154  18  1  2  3  7  8  9  2  1  2 
 72.75  76.449  5  1  2  3  7  8  9  2  1  2 
-10.065 -16.913  10  1  2  3  7  8  9  2  1  2 
 32.783  17.072  7  1  2  3  7  8  9  2  1  2 
 39.18  52.01  1  1  2  3  7  8  9  2  1  2 
 4.059  23.164  23  1  2  3  7  8  9  2  1  2 
 9.149  65.023  3  1  2  3  7  8  9  2  1  2 
 72.787  70.931  14  1  2  3  7  8  9  2  1  2 
-16.218  42.036  20  1  2  3  7  8  9  2  1  2 
 21.418  80.172  25  1  2  3  7  8  9  2  1  2 
 28.694  42.891  6  1  2  3  7  8  9  2  1  2 
 26.582  133.518  25  1  2  3  7  8  9  2  1  2 
 32.795  53.475  5  1  2  3  7  8  9  2  1  2 
 62.337  78.195  17  1  2  3  7  8  9  2  1  2 
-32.746  33.369  2  1  2  3  7  8  9  2  1  2 
 32.685  58.638  7  1  2  3  7  8  9  2  1  2 
 77.035 -5.622  6  1  2  3  7  8  9  2  1  2 
 85.763  66.488  18  1  2  3  7  8  9  2  1  2 
 66.341  62.471  11  1  2  3  7  8  9  2  1  2 
 141.246 -0.665  10  1  2  3  7  8  9  2  1  2 
 86.142  126.475  10  1  2  3  7  8  9  2  1  2 
 85.836  32.356  11  1  2  3  7  8  9  2  1  2 
 44.453  78.573  17  1  2  3  7  8  9  2  1  2 
-7.379  124.033  17  1  2  3  7  8  9  2  1  2 
 33.747  43.294  24  1  2  3  7  8  9  2  1  2 
 76.73  74.032  21  1  2  3  7  8  9  2  1  2 
 46.76  30.268  24  1  2  3  7  8  9  2  1  2 
 56.197  66.842  20  1  2  3  7  8  9  2  1  2 
-44.588  33.747  19  1  2  3  7  8  9  2  1  2 
 10.627  8.319  3  1  2  3  7  8  9  2  1  2 
 103.635  12.848  11  1  2  3  7  8  9  2  1  2 
-22.004  19.428  14  1  2  3  7  8  9  2  1  2 
 31.501  59.053  4  1  2  3  7  8  9  2  1  2 
-3.595  67.721  7  1  2  3  7  8  9  2  1  2 
 66.829  83.419  24  1  2  3  7  8  9  2  1  2 
 57.064  53.682  18  1  2  3  7  8  9  2  1  2 
-2.545 -10.517  22  1  2  3  7  8  9  2  1  2 
-17.353  12.189  8  1  2  3  7  8  9  2  1  2 
 35.359  52.998  25  1  2  3  7  8  9  2  1  2 
 29.67  91.293  16  1  2  3  7  8  9  2  1  2 
 104.465  87.973  2  1  2  3  7  8  9  2  1  2 
 4.84  12.36  9  1  2  3  7  8  9  2  1  2 
-15.07 -36.506  21  1  2  3  7  8  9  2  1  2 
 39.692  84.823  19  1  2  3  7  8  9  2  1  2 
 41.218  63.424  2  1  2  3  7  8  9  2  1  2 
-11.298  13.752  12  1  2  3  7  8  9  2  1  2 
 62.63  81.014  20  1  2  3  7  8  9  2  1  2 
-3.534  56.294  23  1  2  3  7  8  9  2  1  2 
 23.75  113.12  16  1  2  3  7  8  9  2  1  2 
 109.604  52.095  8  1  2  3  7  8  9  2  1  2 
 41.414 -34.736  10  1  2  3  7  8  9  2  1  2 
 90.756  9.21  17  1  2  3  7  8  9  2  1  2 
 80.49  57.857  4  1  2  3  7  8  9  2  2  3 
 137.681  35.64  9  1  2  3  7  8  9  2  2  3 
-28.791  58.296  3  1  2  3  7  8  9  2  2  3 
 89.364  115.964  20  1  2  3  7  8  9  2  2  3 
 96.274  41.157  7  1  2  3  7  8  9  2  2  3 
-18.305 -9.943  5  1  2  3  7  8  9  2  2  3 
-13.52  88.717  11  1  2  3  7  8  9  2  2  3 
 3.522  11.676  6  1  2  3  7  8  9  2  2  3 
-55.928  77.938  7  1  2  3  7  8  9  2  2  3 
 98.422  67.708  21  1  2  3  7  8  9  2  2  3 
-13.41 -1.666  19  1  2  3  7  8  9  2  2  3 
 49.373  28.694  7  1  2  3  7  8  9  2  2  3 
-17.743 -66.622  16  1  2  3  7  8  9  2  2  3 
 20.051  99.374  19  1  2  3  7  8  9  2  2  3 
 12.104 -25.886  14  1  2  3  7  8  9  2  2  3 
 37.922  98.874  20  1  2  3  7  8  9  2  2  3 
 48.64  100.119  8  1  2  3  7  8  9  2  2  3 
 23.811  5.28  11  1  2  3  7  8  9  2  2  3 
-31.538 -20.417  15  1  2  3  7  8  9  2  2  3 
 4.547  111.277  9  1  2  3  7  8  9  2  2  3 
-27.522  15.9  2  1  2  3  7  8  9  2  2  3 
-73.824  8.234  4  1  2  3  7  8  9  2  2  3 
 46.785  126.89  6  1  2  3  7  8  9  2  2  3 
 11.164  24.421  21  1  2  3  7  8  9  2  2  3 
 58.956  18.5  4  1  2  3  7  8  9  2  2  3 
 101.437  57.955  11  1  2  3  7  8  9  2  2  3 
 36.14  90.768  17  1  2  3  7  8  9  2  2  3 
 24.848  9.528  23  1  2  3  7  8  9  2  2  3 
-1.349  16.156  20  1  2  3  7  8  9  2  2  3 
 99.362  67.574  2  1  2  3  7  8  9  2  2  3 
-10.834  51.094  14  1  2  3  7  8  9  2  2  3 
 74.081  62.41  1  1  2  3  7  8  9  2  2  3 
 3.351  46.638  24  1  2  3  7  8  9  2  2  3 
 71.688  90.426  21  1  2  3  7  8  9  2  2  3 
-23.078 -8.197  20  1  2  3  7  8  9  2  2  3 
-20.991  101.376  15  1  2  3  7  8  9  2  2  3 
-26.362  168.603  4  1  2  3  7  8  9  2  2  3 
-50.032  59.139  1  1  2  3  7  8  9  2  2  3 
-53.804  64.595  6  1  2  3  7  8  9  2  2  3 
 28.962  12.909  16  1  2  3  7  8  9  2  2  3 
 84.298  185.656  10  1  2  3  7  8  9  2  2  3 
 82.943  34.37  14  1  2  3  7  8  9  2  2  3 
 34.175  73.373  7  1  2  3  7  8  9  2  2  3 
 56.429  35.176  10  1  2  3  7  8  9  2  2  3 
 48.25  113.279  3  1  2  3  7  8  9  2  2  3 
-19.013  17.341  9  1  2  3  7  8  9  2  2  3 
 81.613  81.82  7  1  2  3  7  8  9  2  2  3 
-7.404  1.642  20  1  2  3  7  8  9  2  2  3 
 44.893  69.771  12  1  2  3  7  8  9  2  2  3 
 10.395  101.914  9  1  2  3  7  8  9  2  2  3 
 1.141  20.209  20  1  2  3  7  8  9  2  2  3 
 16.608  37.495  3  1  2  3  7  8  9  2  2  3 
 67.452  105.698  15  1  2  3  7  8  9  2  2  3 
 93.356  74.593  18  1  2  3  7  8  9  2  2  3 
 26.337  95.993  4  1  2  3  7  8  9  2  2  3 
 46.785  37.971  22  1  2  3  7  8  9  2  2  3 
 97.446  105.222  6  1  2  3  7  8  9  2  2  3 
 23.273  33.32  19  1  2  3  7  8  9  2  2  3 
-13.507 -9.552  15  1  2  3  7  8  9  2  2  3 
 27.168  30.842  19  1  2  3  7  8  9  2  2  3 
 37.837  21.235  13  1  2  3  7  8  9  2  3  4 
 31.526  126.45  14  1  2  3  7  8  9  2  3  4 
 50.801  123.264  9  1  2  3  7  8  9  2  3  4 
 33.699  22.785  3  1  2  3  7  8  9  2  3  4 
 34.089 -11.078  4  1  2  3  7  8  9  2  3  4 
-12.665  1.544  24  1  2  3  7  8  9  2  3  4 
 60.018  7.367  23  1  2  3  7  8  9  2  3  4 
-9.223  83.358  19  1  2  3  7  8  9  2  3  4 
 58.382  52.083  17  1  2  3  7  8  9  2  3  4 
 54.744  101.205  22  1  2  3  7  8  9  2  3  4 
 78.939  104.88  4  1  2  3  7  8  9  2  3  4 
 43.22  94.748  19  1  2  3  7  8  9  2  3  4 
 72.848  40.242  1  1  2  3  7  8  9  2  3  4 
 11.676  1.447  14  1  2  3  7  8  9  2  3  4 
 79.769  89.621  6  1  2  3  7  8  9  2  3  4 
-32.71  64.754  13  1  2  3  7  8  9  2  3  4 
 28.755 -17.267  9  1  2  3  7  8  9  2  3  4 
 12.97 -80.905  13  1  2  3  7  8  9  2  3  4 
 5.89 -6.684  8  1  2  3  7  8  9  2  3  4 
 92.685  105.6  4  1  2  3  7  8  9  2  3  4 
-28.266 -56.294  13  1  2  3  7  8  9  2  3  4 
 56.209  57.601  22  1  2  3  7  8  9  2  3  4 
 3.681  12.287  8  1  2  3  7  8  9  2  3  4 
 73.8  73.91  15  1  2  3  7  8  9  2  3  4 
-41.304  114.316  6  1  2  3  7  8  9  2  3  4 
 2.753  11.383  2  1  2  3  7  8  9  2  3  4 
 101.706  53.328  12  1  2  3  7  8  9  2  3  4 
 32.685  82.785  9  1  2  3  7  8  9  2  3  4 
 29.939  33.186  4  1  2  3  7  8  9  2  3  4 
 39.534  105.026  11  1  2  3  7  8  9  2  3  4 
 22.871  60.311  3  1  2  3  7  8  9  2  3  4 
 74.447  110.08  23  1  2  3  7  8  9  2  3  4 
 31.953  82.028  20  1  2  3  7  8  9  2  3  4 
 186.621  10.175  5  1  2  3  7  8  9  2  3  4 
-44.429  15.9  5  1  2  3  7  8  9  2  3  4 
 45.65  108.713  23  1  2  3  7  8  9  2  3  4 
 73.775  69.784  13  1  2  3  7  8  9  2  3  4 
 62.764  75.692  14  1  2  3  7  8  9  2  3  4 
 3.632  9.882  3  1  2  3  7  8  9  2  3  4 
 28.706  11.591  12  1  2  3  7  8  9  2  3  4 
 43.342  43.416  13  1  2  3  7  8  9  2  3  4 
 25.983  92.221  17  1  2  3  7  8  9  2  3  4 
 40.84  95.407  1  1  2  3  7  8  9  2  3  4 
-30.122  56.648  23  1  2  3  7  8  9  2  3  4 
-15.815  24.763  12  1  2  3  7  8  9  2  3  4 
 52.889  61.824  17  1  2  3  7  8  9  2  3  4 
 74.667  123.301  10  1  2  3  7  8  9  2  3  4 
 25.666  61.751  11  1  2  3  7  8  9  2  3  4 
 102.036  77.047  21  1  2  3  7  8  9  2  3  4 
 38.679  40.852  9  1  2  3  7  8  9  2  3  4 
 69.405  40.291  7  1  2  3  7  8  9  2  3  4 
 8.954 -18  18  1  2  3  7  8  9  2  3  4 
-34.944  79.94  16  1  2  3  7  8  9  2  3  4 
-13.031 -10.749  23  1  2  3  7  8  9  2  3  4 
 9.198  32.502  25  1  2  3  7  8  9  2  3  4 
 30.952  34.639  1  1  2  3  7  8  9  2  3  4 
 49.458  102.78  4  1  2  3  7  8  9  2  3  4 
-10.675 -25.361  4  1  2  3  7  8  9  2  3  4 
 11.493  73.458  6  1  2  3  7  8  9  2  3  4 
 17.035  58.797  8  1  2  3  7  8  9  2  3  4 
 44.563  72.542  2  1  2  3  7  8  9  2  4  5 
 27.143 -24.335  16  1  2  3  7  8  9  2  4  5 
 25.886  36.457  13  1  2  3  7  8  9  2  4  5 
 102.634  29.548  19  1  2  3  7  8  9  2  4  5 
 40.779  28.632  9  1  2  3  7  8  9  2  4  5 
 8.441  101.804  21  1  2  3  7  8  9  2  4  5 
 18.659 -13.984  16  1  2  3  7  8  9  2  4  5 
 43.489  108.957  20  1  2  3  7  8  9  2  4  5 
 56.368  73.458  24  1  2  3  7  8  9  2  4  5 
 10.419  15.827  10  1  2  3  7  8  9  2  4  5 
 55.708  72.164  6  1  2  3  7  8  9  2  4  5 
 38.752  148.009  15  1  2  3  7  8  9  2  4  5 
 12.262  109.568  21  1  2  3  7  8  9  2  4  5 
-42.244  30.39  24  1  2  3  7  8  9  2  4  5 
 44.783  123.521  24  1  2  3  7  8  9  2  4  5 
 102.719  75.484  14  1  2  3  7  8  9  2  4  5 
 42.244  94.516  20  1  2  3  7  8  9  2  4  5 
 75.704  50.594  3  1  2  3  7  8  9  2  4  5 
 52.095  73.202  12  1  2  3  7  8  9  2  4  5 
 12.323  26.411  11  1  2  3  7  8  9  2  4  5 
 137.974  134.874  13  1  2  3  7  8  9  2  4  5 
 84.286  99.789  10  1  2  3  7  8  9  2  4  5 
 37.373 -9.259  17  1  2  3  7  8  9  2  4  5 
 85.495  48.274  16  1  2  3  7  8  9  2  4  5 
 28.327  28.999  2  1  2  3  7  8  9  2  4  5 
 80.892  79.598  13  1  2  3  7  8  9  2  4  5 
-36.177 -2.863  13  1  2  3  7  8  9  2  4  5 
 23.31  5.316  25  1  2  3  7  8  9  2  4  5 
 46.614  106.845  7  1  2  3  7  8  9  2  4  5 
 20.82  64.01  25  1  2  3  7  8  9  2  4  5 
 38.276  85.202  9  1  2  3  7  8  9  2  4  5 
 71.395  119.712  6  1  2  3  7  8  9  2  4  5 
 39.985 -15.595  1  1  2  3  7  8  9  2  4  5 
 19.562  21.528  11  1  2  3  7  8  9  2  4  5 
 10.443  86.483  1  1  2  3  7  8  9  2  4  5 
-56.124 -9.674  15  1  2  3  7  8  9  2  4  5 
 92.233  69.039  11  1  2  3  7  8  9  2  4  5 
-6.647  43.379  23  1  2  3  7  8  9  2  4  5 
 29.817  42.5  5  1  2  3  7  8  9  2  4  5 
 55.269  58.187  6  1  2  3  7  8  9  2  4  5 
 87.533  38.118  4  1  2  3  7  8  9  2  4  5 
 12.323 -28.694  11  1  2  3  7  8  9  2  4  5 
 94.955  82.064  5  1  2  3  7  8  9  2  4  5 
 14.032  4.083  1  1  2  3  7  8  9  2  4  5 
-24.445 -25.056  20  1  2  3  7  8  9  2  4  5 
 21.894  56.819  24  1  2  3  7  8  9  2  4  5 
 124.18  92.99  6  1  2  3  7  8  9  2  4  5 
-71.639 -31.587  17  1  2  3  7  8  9  2  4  5 
 30.366  98.032  14  1  2  3  7  8  9  2  4  5 
 94.98  124.644  23  1  2  3  7  8  9  2  4  5 
 91.379  88.693  24  1  2  3  7  8  9  2  4  5 
 81.906  80.856  12  1  2  3  7  8  9  2  4  5 
 76.424  148.216  2  1  2  3  7  8  9  2  4  5 
 83.7  123.606  3  1  2  3  7  8  9  2  4  5 
 67.183  82.797  13  1  2  3  7  8  9  2  4  5 
-16.791  65.133  7  1  2  3  7  8  9  2  4  5 
 0.812  94.504  10  1  2  3  7  8  9  2  4  5 
 27.351  50.545  23  1  2  3  7  8  9  2  4  5 
 14.948  52.852  3  1  2  3  7  8  9  2  4  5 
 105.771  57.82  22  1  2  3  7  8  9  2  4  5 
-97.079 -1.569  10  1  3  2  10  11  1  1 
 11.322  50.264  15  1  3  2  10  11  1  1 
 76.595  61.177  7  1  3  2  10  11  1  1 
-39.558 -15.705  5  1  3  2  10  11  1  1 
 49.593  114.121  14  1  3  2  10  11  1  1 
 27.68 -20.783  7  1  3  2  10  11  1  1 
-16.779  49.031  24  1  3  2  10  11  1  1 
 25.117  100.266  15  1  3  2  10  11  1  1 
 16.938  123.716  21  1  3  2  10  11  1  1 
 49.287  116.855  24  1  3  2  10  11  1  1 
-9.735  15.155  24  1  3  2  10  11  1  1 
-6.22 -43.904  15  1  3  2  10  11  1  1 
 4.852  19.135  16  1  3  2  10  11  1  1 
 57.515  128.147  23  1  3  2  10  11  1  1 
 63.643  59.871  23  1  3  2  10  11  1  1 
 60.518  51.033  18  1  3  2  10  11  1  1 
 9.04  15.058  15  1  3  2  10  11  1  1 
-56.917  27.839  5  1  3  2  10  11  1  1 
 25.019  4.694  5  1  3  2  10  11  1  1 
 91  44.172  13  1  3  2  10  11  1  1 
 36.47  36.421  2  1  3  2  10  11  1  1 
 19.465  137.376  7  1  3  2  10  11  1  1 
 35.615  48.396  6  1  3  2  10  11  1  1 
 72.42  16.474  5  1  3  2  10  11  1  1 
 68.184  92.087  22  1  3  2  10  11  1  1 
 71.48  15.717  22  1  3  2  10  11  1  1 
 97.226  75.509  17  1  3  2  10  11  1  1 
 28.632  44.209  24  1  3  2  10  11  1  1 
 125.718  61.666  20  1  3  2  10  11  1  1 
 6.5  23.579  18  1  3  2  10  11  1  1 
-49.019  13.312  9  1  3  2  10  11  2  1  2 
-12.104 -15.741  16  1  3  2  10  11  2  1  2 
-55.916 -12.873  18  1  3  2  10  11  2  1  2 
 56.294  0.36  14  1  3  2  10  11  2  1  2 
 32.734  53.768  2  1  3  2  10  11  2  1  2 
 86.959 -40.559  25  1  3  2  10  11  2  1  2 
 39.644  17.866  14  1  3  2  10  11  2  1  2 
 73.373  82.321  6  1  3  2  10  11  2  1  2 
 63.143  117.075  13  1  3  2  10  11  2  1  2 
 17.402  103.378  13  1  3  2  10  11  2  1  2 
 4.95  20.978  3  1  3  2  10  11  2  1  2 
 46.175  51.558  7  1  3  2  10  11  2  1  2 
-42.756 -35.408  1  1  3  2  10  11  2  1  2 
-6.22  12.177  17  1  3  2  10  11  2  1  2 
 75.973  97.897  3  1  3  2  10  11  2  1  2 
 27.314  121.787  16  1  3  2  10  11  2  1  2 
 50.764  50.203  22  1  3  2  10  11  2  1  2 
 2.826  5.67  23  1  3  2  10  11  2  1  2 
 79.489  63.301  12  1  3  2  10  11  2  1  2 
 99.704  85.104  21  1  3  2  10  11  2  1  2 
-28.95  16.095  24  1  3  2  10  11  2  1  2 
 70.577  101.132  15  1  3  2  10  11  2  1  2 
 18.586 -3.424  2  1  3  2  10  11  2  1  2 
 63.887  9.394  22  1  3  2  10  11  2  1  2 
 65.328  100.656  15  1  3  2  10  11  2  1  2 
 33.381  89.511  13  1  3  2  10  11  2  1  2 
 38.643  106.894  1  1  3  2  10  11  2  1  2 
 69.271  45.759  21  1  3  2  10  11  2  1  2 
 92.538  46.577  9  1  3  2  10  11  2  1  2 
 13.349  17.768  8  1  3  2  10  11  2  1  2 
 0.946  94.064  8  1  3  2  10  11  2  2  3 
 109.104  137.523  11  1  3  2  10  11  2  2  3 
 26.044  5.768  23  1  3  2  10  11  2  2  3 
 18.5  37.666  9  1  3  2  10  11  2  2  3 
 35.847 -29.389  8  1  3  2  10  11  2  2  3 
 0.629  17.28  16  1  3  2  10  11  2  2  3 
 42.39  76.229  4  1  3  2  10  11  2  2  3 
-0.665 -3.217  10  1  3  2  10  11  2  2  3 
 25.214  171.581  20  1  3  2  10  11  2  2  3 
 90.097  29.731  9  1  3  2  10  11  2  2  3 
 91.696  42.708  21  1  3  2  10  11  2  2  3 
 57.247  91.342  9  1  3  2  10  11  2  2  3 
 17.817  94.443  11  1  3  2  10  11  2  2  3 
 6.903 -3.644  9  1  3  2  10  11  2  2  3 
 51.033  28.486  5  1  3  2  10  11  2  2  3 
-25.581  28.291  23  1  3  2  10  11  2  2  3 
 114.829  86.41  5  1  3  2  10  11  2  2  3 
 68.844  59.114  4  1  3  2  10  11  2  2  3 
 23.981  78.671  1  1  3  2  10  11  2  2  3 
 89.181  68.099  16  1  3  2  10  11  2  2  3 
 28.986  31.782  17  1  3  2  10  11  2  2  3 
 61.47  58.638  17  1  3  2  10  11  2  2  3 
-24.189  10.7  12  1  3  2  10  11  2  2  3 
-1.581 -13.398  21  1  3  2  10  11  2  2  3 
 103.94 -6.903  16  1  3  2  10  11  2  2  3 
 40.596  93.027  22  1  3  2  10  11  2  2  3 
 20.844  13.739  13  1  3  2  10  11  2  2  3 
 28.669  3.351  23  1  3  2  10  11  2  2  3 
 38.557  48.872  23  1  3  2  10  11  2  2  3 
 62.435  46.541  17  1  3  2  10  11  2  2  3 
 89.035  93.197  14  1  3  2  10  11  2  3  4 
 27.204  24.934  16  1  3  2  10  11  2  3  4 
 9.601  105.991  21  1  3  2  10  11  2  3  4 
 22.382  95.419  15  1  3  2  10  11  2  3  4 
-42.683  43.574  1  1  3  2  10  11  2  3  4 
-42.207  59.468  4  1  3  2  10  11  2  3  4 
-19.098  12.922  18  1  3  2  10  11  2  3  4 
-44.038  5.951  3  1  3  2  10  11  2  3  4 
 37.446  41.218  10  1  3  2  10  11  2  3  4 
 73.031  73.165  3  1  3  2  10  11  2  3  4 
 96.64  107.285  2  1  3  2  10  11  2  3  4 
 5.695  16.645  8  1  3  2  10  11  2  3  4 
 64.461  105.893  22  1  3  2  10  11  2  3  4 
 85.324  154.735  9  1  3  2  10  11  2  3  4 
-14.801 -56.478  15  1  3  2  10  11  2  3  4 
-19.648  23.212  17  1  3  2  10  11  2  3  4 
 71.017  48.531  9  1  3  2  10  11  2  3  4 
 47.761  96.603  18  1  3  2  10  11  2  3  4 
-10.187 -51.912  7  1  3  2  10  11  2  3  4 
 125.877  58.089  11  1  3  2  10  11  2  3  4 
 70.223  65.78  9  1  3  2  10  11  2  3  4 
 72.616  77.572  19  1  3  2  10  11  2  3  4 
 91.586  36.848  24  1  3  2  10  11  2  3  4 
 22.187  96.298  23  1  3  2  10  11  2  3  4 
-13.837 -42.402  3  1  3  2  10  11  2  3  4 
 57.662  58.516  15  1  3  2  10  11  2  3  4 
 1.056 -15.68  23  1  3  2  10  11  2  3  4 
 22.37  45.503  18  1  3  2  10  11  2  3  4 
 36.25  58.907  19  1  3  2  10  11  2  3  4 
 48.567  96.701  9  1  3  2  10  11  2  3  4 
 40.327  97.079  14  1  3  2  10  11  2  4  5 
 115.61  52.083  12  1  3  2  10  11  2  4  5 
-17.231 -0.336  24  1  3  2  10  11  2  4  5 
 42.244  71.505  13  1  3  2  10  11  2  4  5 
 43.562  74.081  25  1  3  2  10  11  2  4  5 
 29.804  30.671  19  1  3  2  10  11  2  4  5 
 23.505 -5.622  6  1  3  2  10  11  2  4  5 
 72.884  55.696  18  1  3  2  10  11  2  4  5 
 96.689  85.861  25  1  3  2  10  11  2  4  5 
-18.513 -23.798  23  1  3  2  10  11  2  4  5 
 49.031  92.306  6  1  3  2  10  11  2  4  5 
 15.497  16.718  17  1  3  2  10  11  2  4  5 
 82.211  54.671  11  1  3  2  10  11  2  4  5 
 26.777 -0.531  4  1  3  2  10  11  2  4  5 
-32.136  34.577  15  1  3  2  10  11  2  4  5 
 47.859  90.439  5  1  3  2  10  11  2  4  5 
 64.364  68.819  11  1  3  2  10  11  2  4  5 
 17.621  94.784  21  1  3  2  10  11  2  4  5 
 18.647  98.984  15  1  3  2  10  11  2  4  5 
 55.428  112.363  6  1  3  2  10  11  2  4  5 
 11.493  55.94  14  1  3  2  10  11  2  4  5 
 47.114  81.161  24  1  3  2  10  11  2  4  5 
 15.754  20.893  3  1  3  2  10  11  2  4  5 
 24.494  3.778  4  1  3  2  10  11  2  4  5 
 64.071  62.069  7  1  3  2  10  11  2  4  5 
 23.945  96.982  9  1  3  2  10  11  2  4  5 
 64.925  79.94  2  1  3  2  10  11  2  4  5 
 2.277  29.353  8  1  3  2  10  11  2  4  5 
 60.628  119.687  9  1  3  2  10  11  2  4  5 
 84.323  109.665  4  1  3  2  10  11  2  4  5 
-10.761  14.863  3  1  6  1  12  1  1 
 40.486  30.525  17  1  6  1  12  1  1 
 60.396  97.604  10  1  6  1  12  1  1 
-22.504  4.743  1  1  6  1  12  1  1 
-1.495  29.255  20  1  6  1  12  1  1 
-39.79  24.055  4  1  6  1  12  1  1 
 89.792  26.96  21  1  6  1  12  1  1 
 6.745  18.354  5  1  6  1  12  1  1 
 39.875  42.317  2  1  6  1  12  1  1 
 24.873  92.111  20  1  6  1  12  1  1 
 93.588  146.153  6  1  6  1  12  1  1 
-16.755  107.248  12  1  6  1  12  1  1 
 74.032  70.113  12  1  6  1  12  1  1 
 8.649  117.222  8  1  6  1  12  1  1 
 20.698  13.227  25  1  6  1  12  1  1 
 89.071  51.009  25  1  6  1  12  1  1 
 94.931  95.199  21  1  6  1  12  1  1 
 114.56  93.075  21  1  6  1  12  1  1 
 36.506  107.407  24  1  6  1  12  1  1 
 88.412  107.859  9  1  6  1  12  1  1 
 17.316  10.138  7  1  6  1  12  2  1  2 
-9.845 -7.55  1  1  6  1  12  2  1  2 
 29.914  35.774  16  1  6  1  12  2  1  2 
 22.48  36.506  4  1  6  1  12  2  1  2 
 20.49  119.7  3  1  6  1  12  2  1  2 
 0.848 -20.649  8  1  6  1  12  2  1  2 
 3.571  16.34  11  1  6  1  12  2  1  2 
 1.495  104.819  14  1  6  1  12  2  1  2 
 74.398  73.519  15  1  6  1  12  2  1  2 
 82.26  173.229  20  1  6  1  12  2  1  2 
-5.817  19.233  9  1  6  1  12  2  1  2 
 28.596  28.486  23  1  6  1  12  2  1  2 
 35.908 -25.898  13  1  6  1  12  2  1  2 
 34.26  42.891  6  1  6  1  12  2  1  2 
-101.767 -22.883  16  1  6  1  12  2  1  2 
 79.708  138.328  8  1  6  1  12  2  1  2 
 29.133  43.635  14  1  6  1  12  2  1  2 
 3.79  30.525  20  1  6  1  12  2  1  2 
 70.504 -13.105  18  1  6  1  12  2  1  2 
 79.342  66.463  9  1  6  1  12  2  1  2 
 77.291  68.831  24  1  6  1  12  2  2  3 
 53.621  80.428  6  1  6  1  12  2  2  3 
 42.109  45.369  12  1  6  1  12  2  2  3 
 41.267  44.575  12  1  6  1  12  2  2  3 
 45.344  109.153  2  1  6  1  12  2  2  3 
 31.758 -44.295  23  1  6  1  12  2  2  3 
 59.468  32.295  6  1  6  1  12  2  2  3 
 25.031  49.544  23  1  6  1  12  2  2  3 
 32.026  25.642  1  1  6  1  12  2  2  3 
 42.671  25.593  24  1  6  1  12  2  2  3 
 20.454  60.128  5  1  6  1  12  2  2  3 
-17.011  20.82  11  1  6  1  12  2  2  3 
 51.595  89.035  10  1  6  1  12  2  2  3 
 10.138 -2.191  8  1  6  1  12  2  2  3 
 81.198  96.97  1  1  6  1  12  2  2  3 
 89.95  40.645  13  1  6  1  12  2  2  3 
 58.089  105.6  14  1  6  1  12  2  2  3 
 53.413  82.54  8  1  6  1  12  2  2  3 
 32.405 -9.406  19  1  6  1  12  2  2  3 
 28.352  113.742  5  1  6  1  12  2  2  3 
 8.332  88.4  25  1  6  1  12  2  3  4 
 49.031  121.36  11  1  6  1  12  2  3  4 
 55.513  95.981  9  1  6  1  12  2  3  4 
 52.767  85.8  16  1  6  1  12  2  3  4 
-11.921  52.803  7  1  6  1  12  2  3  4 
 102.06  38.398  25  1  6  1  12  2  3  4 
 96.127  109.214  4  1  6  1  12  2  3  4 
 95.859  99.191  20  1  6  1  12  2  3  4 
 105.698  134.385  15  1  6  1  12  2  3  4 
 18.696  162.047  9  1  6  1  12  2  3  4 
 44.978  96.506  2  1  6  1  12  2  3  4 
 40.352  31.526  7  1  6  1  12  2  3  4 
 102.988  62.435  17  1  6  1  12  2  3  4 
 13.544  66.341  3  1  6  1  12  2  3  4 
 34.907  168.505  16  1  6  1  12  2  3  4 
 16.364  9.638  16  1  6  1  12  2  3  4 
 117.002  93.686  9  1  6  1  12  2  3  4 
 44.002  88.058  1  1  6  1  12  2  3  4 
 5.426  9.906  13  1  6  1  12  2  3  4 
 10.895  29.829  10  1  6  1  12  2  3  4 
 100.266  57.54  16  1  6  1  12  2  4  5 
 63.656  111.472  12  1  6  1  12  2  4  5 
 1.91  21.516  21  1  6  1  12  2  4  5 
-19.147  23.176  3  1  6  1  12  2  4  5 
 22.272  133.909  22  1  6  1  12  2  4  5 
 31.831  63.24  14  1  6  1  12  2  4  5 
 43.733  99.35  17  1  6  1  12  2  4  5 
 128.684  58.15  22  1  6  1  12  2  4  5 
-13.08  13.556  6  1  6  1  12  2  4  5 
 17.634  54.671  9  1  6  1  12  2  4  5 
 38.581  44.881  8  1  6  1  12  2  4  5 
 54.903  48.787  7  1  6  1  12  2  4  5 
 62.203  31.513  25  1  6  1  12  2  4  5 
 8.527  24.409  16  1  6  1  12  2  4  5 
 96.017  60.298  2  1  6  1  12  2  4  5 
 11.029 -6.085  17  1  6  1  12  2  4  5 
 16.803  147.935  6  1  6  1  12  2  4  5 
 40.925 -12.641  10  1  6  1  12  2  4  5 
-24.335  37.654  4  1  6  1  12  2  4  5 
 95.236  75.68  2  1  6  1  12  2  4  5 
 1  1 
 1  2 
 1  3 
 1  4 
 1  5 
 1  6 
 2  1  4 
 2  2  5 
 2  3  6 
 3  1  3  5 
 3  2  4  6 
 6  1  2  3  4  5  6 
