 200  4  7  3  5  1.2 
 34.295  39.55  2 
 1  90  1800  1 
 1  100  1800  1 
 2  130  1800  2 
 2  150  1800  2 
 3  200  1800  3 
 62.468 -13.7  16  2  1  4  1  2  3  4  1  1 
-21.836  44.572  5  2  1  4  1  2  3  4  1  1 
 60.332 -52.373  12  2  1  4  1  2  3  4  1  1 
 30.18  27.421  1  2  1  4  1  2  3  4  1  1 
 22.745  20.164  7  2  1  4  1  2  3  4  1  1 
 1.755  5.319  12  2  1  4  1  2  3  4  1  1 
 10.251  14.377  16  2  1  4  1  2  3  4  1  1 
 26.456  36.186  2  2  1  4  1  2  3  4  1  1 
-5.332  72.613  23  2  1  4  1  2  3  4  1  1 
-82.8  86.92  16  2  1  4  1  2  3  4  1  1 
 47.093  22.385  22  2  1  4  1  2  3  4  1  1 
 52.904 -22.245  22  2  1  4  1  2  3  4  1  1 
 59.227  89.624  4  2  1  4  1  2  3  4  1  1 
-26.133 -41.301  24  2  1  4  1  2  3  4  1  1 
 71.856  55.528  12  2  1  4  1  2  3  4  1  1 
 34.855  43.229  8  2  1  4  1  2  3  4  1  1 
 11.289 -1.212  13  2  1  4  1  2  3  4  1  1 
 18.796  50.804  8  2  1  4  1  2  3  4  1  1 
 50.566  4.654  2  2  1  4  1  2  3  4  1  1 
 28.507  40.757  1  2  1  4  1  2  3  4  1  1 
-23.899  50.853  18  2  1  4  1  2  3  4  1  1 
-31.523  59.539  10  2  1  4  1  2  3  4  1  1 
-23.264  55.431  6  2  1  4  1  2  3  4  1  1 
-23.746  6.284  13  2  1  4  1  2  3  4  1  1 
 60.991 -22.782  14  2  1  4  1  2  3  4  1  1 
 22.355  52.666  23  2  1  4  1  2  3  4  1  1 
 4.685 -4.587  6  2  1  4  1  2  3  4  1  1 
 27.769  32.34  20  2  1  4  1  2  3  4  1  1 
 50.151 -34.867  15  2  1  4  1  2  3  4  1  1 
-27.531  18.149  13  2  1  4  1  2  3  4  1  1 
-2.341  11.667  16  2  1  4  1  2  3  4  2  1  2 
-12.449  15.403  14  2  1  4  1  2  3  4  2  1  2 
 13.59 -20.237  4  2  1  4  1  2  3  4  2  1  2 
-25.651  8.835  5  2  1  4  1  2  3  4  2  1  2 
 32.548 -51.457  3  2  1  4  1  2  3  4  2  1  2 
-17.454  76.879  9  2  1  4  1  2  3  4  2  1  2 
 28.269  49.644  5  2  1  4  1  2  3  4  2  1  2 
 29.429  42.082  18  2  1  4  1  2  3  4  2  1  2 
-11.686  6.87  22  2  1  4  1  2  3  4  2  1  2 
 12.778  8.841  22  2  1  4  1  2  3  4  2  1  2 
 16.294 -20.078  8  2  1  4  1  2  3  4  2  1  2 
-15.549 -11.173  6  2  1  4  1  2  3  4  2  1  2 
-57.439  41.069  16  2  1  4  1  2  3  4  2  1  2 
 49.413  33.634  17  2  1  4  1  2  3  4  2  1  2 
 28.8  60.198  9  2  1  4  1  2  3  4  2  1  2 
-43.742  37.7  11  2  1  4  1  2  3  4  2  1  2 
 54.753  1.779  1  2  1  4  1  2  3  4  2  1  2 
 61.113 -15.171  3  2  1  4  1  2  3  4  2  1  2 
 27.238  22.764  19  2  1  4  1  2  3  4  2  1  2 
 52.153  62.108  14  2  1  4  1  2  3  4  2  1  2 
 33.219  95.379  11  2  1  4  1  2  3  4  2  1  2 
 94.324  47.996  6  2  1  4  1  2  3  4  2  1  2 
 5.484  30.699  18  2  1  4  1  2  3  4  2  1  2 
 42.204  52.635  2  2  1  4  1  2  3  4  2  1  2 
-4.434  20.981  11  2  1  4  1  2  3  4  2  1  2 
-3.262  21.787  19  2  1  4  1  2  3  4  2  1  2 
 35.496 -22.929  16  2  1  4  1  2  3  4  2  1  2 
 7.352 -7.01  23  2  1  4  1  2  3  4  2  1  2 
 63.75  0.815  4  2  1  4  1  2  3  4  2  1  2 
-10.227  11.35  6  2  1  4  1  2  3  4  2  1  2 
-21.494  47.758  23  2  1  4  1  2  3  4  2  2  3 
 22.654  64.989  21  2  1  4  1  2  3  4  2  2  3 
 4.831 -31.651  14  2  1  4  1  2  3  4  2  2  3 
-2.585 -16.16  22  2  1  4  1  2  3  4  2  2  3 
-2.078  35.63  11  2  1  4  1  2  3  4  2  2  3 
-10.508  37.071  18  2  1  4  1  2  3  4  2  2  3 
 18.906  15.085  2  2  1  4  1  2  3  4  2  2  3 
 66.887 -49.327  11  2  1  4  1  2  3  4  2  2  3 
 48.796  1.083  9  2  1  4  1  2  3  4  2  2  3 
 67.705  18.058  2  2  1  4  1  2  3  4  2  2  3 
-4.233  14.847  19  2  1  4  1  2  3  4  2  2  3 
 39.207 -75.732  9  2  1  4  1  2  3  4  2  2  3 
 22.629 -1.413  23  2  1  4  1  2  3  4  2  2  3 
-58.513  17.368  19  2  1  4  1  2  3  4  2  2  3 
 63.256 -14.017  16  2  1  4  1  2  3  4  2  2  3 
 0.931  32.041  16  2  1  4  1  2  3  4  2  2  3 
 17.478  0.894  13  2  1  4  1  2  3  4  2  2  3 
 41.429 -13.804  8  2  1  4  1  2  3  4  2  2  3 
 31.693  22.123  17  2  1  4  1  2  3  4  2  2  3 
 17.356 -3.256  9  2  1  4  1  2  3  4  2  2  3 
-18.54 -2.182  25  2  1  4  1  2  3  4  2  2  3 
-3.122  20.066  3  2  1  4  1  2  3  4  2  2  3 
 67.479  41.807  10  2  1  4  1  2  3  4  2  2  3 
-76.122  58.214  19  2  1  4  1  2  3  4  2  2  3 
-49.266  32.438  21  2  1  4  1  2  3  4  2  2  3 
 4.605  44.011  5  2  1  4  1  2  3  4  2  2  3 
 69.298 -15.781  6  2  1  4  1  2  3  4  2  2  3 
-5.905  36.509  5  2  1  4  1  2  3  4  2  2  3 
-16.605 -45.524  22  2  1  4  1  2  3  4  2  2  3 
 19.028 -15.732  5  2  1  4  1  2  3  4  2  2  3 
 14.237  71.276  19  2  1  4  1  2  3  4  2  2  3 
 31.04 -10.489  23  2  1  4  1  2  3  4  2  2  3 
 50.792 -10.099  16  2  1  4  1  2  3  4  2  2  3 
-7.785  70.415  11  2  1  4  1  2  3  4  2  2  3 
 22.208 -8.188  24  2  1  4  1  2  3  4  2  2  3 
 31.779  44.53  19  2  1  4  1  2  3  4  2  2  3 
 38.414  49.626  12  2  1  4  1  2  3  4  2  2  3 
 65.99 -3.58  5  2  1  4  1  2  3  4  2  2  3 
 40.953  31.608  2  2  1  4  1  2  3  4  2  2  3 
 0.186  31.816  14  2  1  4  1  2  3  4  2  2  3 
-52.312  91.205  6  2  2  2  5  6  1  1 
 19.767 -34.611  4  2  2  2  5  6  1  1 
-43.986  21.39  15  2  2  2  5  6  1  1 
 56.017  81.42  25  2  2  2  5  6  1  1 
 33.799 -12.186  25  2  2  2  5  6  1  1 
 25.169 -21.305  25  2  2  2  5  6  1  1 
 12.43  38.029  2  2  2  2  5  6  1  1 
-25.12 -31.7  22  2  2  2  5  6  1  1 
 89.856  51.433  7  2  2  2  5  6  1  1 
-13.468  59.185  14  2  2  2  5  6  1  1 
 51.762  42.827  7  2  2  2  5  6  1  1 
 63.921 -78.314  7  2  2  2  5  6  1  1 
-45.073  70.568  25  2  2  2  5  6  1  1 
 48.003 -11.429  9  2  2  2  5  6  1  1 
-12.076  15.159  5  2  2  2  5  6  1  1 
 34.696 -10.703  24  2  2  2  5  6  2  1  2 
 50.261  50.835  15  2  2  2  5  6  2  1  2 
 32.096 -57.268  13  2  2  2  5  6  2  1  2 
-51.885  63.482  22  2  2  2  5  6  2  1  2 
 54.991  57.646  22  2  2  2  5  6  2  1  2 
 41.398  37.358  13  2  2  2  5  6  2  1  2 
-37.26  29.46  1  2  2  2  5  6  2  1  2 
 25.101  3.83  21  2  2  2  5  6  2  1  2 
-24.943  69.829  23  2  2  2  5  6  2  1  2 
-35.191  50.774  22  2  2  2  5  6  2  1  2 
 16.19  19.779  10  2  2  2  5  6  2  1  2 
 8.695  9.854  13  2  2  2  5  6  2  1  2 
 67.4 -19.828  19  2  2  2  5  6  2  1  2 
 10.3  4.215  14  2  2  2  5  6  2  1  2 
-30.168  39.946  25  2  2  2  5  6  2  1  2 
-50.945  56.23  24  2  2  2  5  6  2  2  3 
-24.284  70.635  9  2  2  2  5  6  2  2  3 
 15.897  46.721  8  2  2  2  5  6  2  2  3 
 7.144  23.478  19  2  2  2  5  6  2  2  3 
-15.427  42.027  22  2  2  2  5  6  2  2  3 
-21.47  65.978  15  2  2  2  5  6  2  2  3 
 32.53 -3.476  6  2  2  2  5  6  2  2  3 
 69.109  45.817  13  2  2  2  5  6  2  2  3 
-17.985 -4.19  9  2  2  2  5  6  2  2  3 
 30.009  43.651  3  2  2  2  5  6  2  2  3 
 74.364  54.411  17  2  2  2  5  6  2  2  3 
-45.842  45.75  12  2  2  2  5  6  2  2  3 
-25.278  50.352  24  2  2  2  5  6  2  2  3 
-27.873  44.432  7  2  2  2  5  6  2  2  3 
 9.568  11.814  20  2  2  2  5  6  2  2  3 
-6.522  69.829  22  2  2  2  5  6  2  2  3 
 31.828 -6.79  7  2  2  2  5  6  2  2  3 
 25.517 -19.327  21  2  2  2  5  6  2  2  3 
-41.679 -64.061  2  2  2  2  5  6  2  2  3 
-33.677  50.401  8  2  2  2  5  6  2  2  3 
-0.101  81.835  21  2  4  1  7  1  1 
 54.515 -17.649  25  2  4  1  7  1  1 
 35.508 -10.025  25  2  4  1  7  1  1 
 47.264 -49.516  10  2  4  1  7  1  1 
 11.161  73.974  22  2  4  1  7  1  1 
-26.884  80.407  20  2  4  1  7  1  1 
 34.971  2.811  1  2  4  1  7  1  1 
 72.839  19.309  5  2  4  1  7  1  1 
 20.981  11.478  10  2  4  1  7  1  1 
 21.726 -51.427  18  2  4  1  7  1  1 
-14.335  40.996  19  2  4  1  7  1  1 
-22.959  24.21  15  2  4  1  7  1  1 
-52.8 -33.518  23  2  4  1  7  1  1 
 15.61 -25.626  24  2  4  1  7  1  1 
 55.315  27.415  3  2  4  1  7  1  1 
 41.404  6.778  21  2  4  1  7  2  1  2 
 0.668  48.454  13  2  4  1  7  2  1  2 
-81.194  62.877  25  2  4  1  7  2  1  2 
 28.343 -13.596  9  2  4  1  7  2  1  2 
 47.838  87.506  20  2  4  1  7  2  1  2 
 16.929  8.951  22  2  4  1  7  2  1  2 
 45.915  23.502  3  2  4  1  7  2  1  2 
 41.667  39.592  12  2  4  1  7  2  1  2 
 61.241 -26.56  24  2  4  1  7  2  1  2 
 36.717  39.756  4  2  4  1  7  2  1  2 
 14.835  39.549  25  2  4  1  7  2  1  2 
-83.05  52.269  21  2  4  1  7  2  1  2 
 43.065  69.872  3  2  4  1  7  2  1  2 
-17.631  66.32  10  2  4  1  7  2  1  2 
 26.176  1.077  16  2  4  1  7  2  1  2 
 51.207 -19.59  20  2  4  1  7  2  2  3 
 26.334  73.046  3  2  4  1  7  2  2  3 
 39.836  14.969  8  2  4  1  7  2  2  3 
-14.646 -2.298  10  2  4  1  7  2  2  3 
 68.566  7.169  14  2  4  1  7  2  2  3 
 45.854  8.139  19  2  4  1  7  2  2  3 
-59.239  24.046  6  2  4  1  7  2  2  3 
-28.971  34.55  1  2  4  1  7  2  2  3 
 18.033  64.153  18  2  4  1  7  2  2  3 
-18.925  28.239  8  2  4  1  7  2  2  3 
 38.676  68.273  8  2  4  1  7  2  2  3 
 29.246 -29.691  13  2  4  1  7  2  2  3 
-22.001  25.04  8  2  4  1  7  2  2  3 
 25.553 -3.623  20  2  4  1  7  2  2  3 
-21.201  53.301  24  2  4  1  7  2  2  3 
 91.583  59.703  17  2  4  1  7  2  2  3 
 33.732  53.386  16  2  4  1  7  2  2  3 
 15.165  4.538  17  2  4  1  7  2  2  3 
 2.799  49.327  15  2  4  1  7  2  2  3 
 40.043 -0.168  14  2  4  1  7  2  2  3 
 1  1 
 1  2 
 1  3 
 1  4 
 2  1  3 
 2  2  4 
 4  1  2  3  4 
