 350  5  9  3  8  1.2 
 36.538  19.893  2 
 1  70  1800  1 
 1  80  1800  1 
 1  90  1800  1 
 2  125  1800  2 
 2  135  1800  2 
 2  140  1800  2 
 3  165  1800  3 
 3  175  1800  3 
-58.068  14.396  5  2  1  5  1  2  3  4  5  1  1 
 36.351 -13.144  7  2  1  5  1  2  3  4  5  1  1 
 31.474  37.822  10  2  1  5  1  2  3  4  5  1  1 
-70.214 -21.445  4  2  1  5  1  2  3  4  5  1  1 
-21.952 -20.719  21  2  1  5  1  2  3  4  5  1  1 
-8.109  52.306  2  2  1  5  1  2  3  4  5  1  1 
 38.701  7.981  23  2  1  5  1  2  3  4  5  1  1 
-10.349 -55.882  11  2  1  5  1  2  3  4  5  1  1 
 49.516 -53.99  1  2  1  5  1  2  3  4  5  1  1 
 20.988  59.343  9  2  1  5  1  2  3  4  5  1  1 
 42.625  35.453  1  2  1  5  1  2  3  4  5  1  1 
 26.438 -10.166  10  2  1  5  1  2  3  4  5  1  1 
 24.29  2.945  14  2  1  5  1  2  3  4  5  1  1 
-26.865 -34.574  13  2  1  5  1  2  3  4  5  1  1 
-41.478 -19.749  23  2  1  5  1  2  3  4  5  1  1 
 56.035  25.089  11  2  1  5  1  2  3  4  5  1  1 
 39.409 -40.068  13  2  1  5  1  2  3  4  5  1  1 
 29.307 -52.379  8  2  1  5  1  2  3  4  5  1  1 
 5.466 -36.326  11  2  1  5  1  2  3  4  5  1  1 
 21.14  30.241  18  2  1  5  1  2  3  4  5  1  1 
 35.911  46.525  22  2  1  5  1  2  3  4  5  1  1 
 25.016  70.861  6  2  1  5  1  2  3  4  5  1  1 
-13.211 -18.589  23  2  1  5  1  2  3  4  5  1  1 
 14.884 -28.239  16  2  1  5  1  2  3  4  5  1  1 
 70.69  36.857  21  2  1  5  1  2  3  4  5  1  1 
-16.88 -68.316  10  2  1  5  1  2  3  4  5  1  1 
-31.285  16.556  11  2  1  5  1  2  3  4  5  1  1 
 17.515  39.5  11  2  1  5  1  2  3  4  5  1  1 
-16.446  56.102  4  2  1  5  1  2  3  4  5  1  1 
-4.672 -53.838  22  2  1  5  1  2  3  4  5  1  1 
 60.491 -66.973  5  2  1  5  1  2  3  4  5  1  1 
 64.36 -52.55  20  2  1  5  1  2  3  4  5  1  1 
 30.186 -61.052  8  2  1  5  1  2  3  4  5  1  1 
-25.852 -4.178  13  2  1  5  1  2  3  4  5  1  1 
-39.219 -21.958  17  2  1  5  1  2  3  4  5  1  1 
 63.817 -51.939  9  2  1  5  1  2  3  4  5  1  1 
 43.852  4.843  6  2  1  5  1  2  3  4  5  1  1 
 87.219  30.985  17  2  1  5  1  2  3  4  5  1  1 
 30.412 -1.45  2  2  1  5  1  2  3  4  5  1  1 
-41.551 -25.523  11  2  1  5  1  2  3  4  5  1  1 
-65.502 -77.429  4  2  1  5  1  2  3  4  5  1  1 
 51.982 -27.036  15  2  1  5  1  2  3  4  5  1  1 
 56.108  32.64  13  2  1  5  1  2  3  4  5  1  1 
 10.459 -9.33  2  2  1  5  1  2  3  4  5  1  1 
 46.916 -31.547  23  2  1  5  1  2  3  4  5  1  1 
 4.666 -15.677  1  2  1  5  1  2  3  4  5  1  1 
 21.348  42.436  15  2  1  5  1  2  3  4  5  1  1 
-1.981  58.977  20  2  1  5  1  2  3  4  5  1  1 
 0.369  34.703  23  2  1  5  1  2  3  4  5  1  1 
-11.49  53.935  12  2  1  5  1  2  3  4  5  1  1 
-0.98 -38.853  6  2  1  5  1  2  3  4  5  2  1  2 
 21.262 -39.323  9  2  1  5  1  2  3  4  5  2  1  2 
 38.127 -41.838  9  2  1  5  1  2  3  4  5  2  1  2 
-20.884 -32.884  11  2  1  5  1  2  3  4  5  2  1  2 
-40.526 -50.859  12  2  1  5  1  2  3  4  5  2  1  2 
-17.46 -67.974  12  2  1  5  1  2  3  4  5  2  1  2 
 28.886  35.112  25  2  1  5  1  2  3  4  5  2  1  2 
 50.987 -23.344  9  2  1  5  1  2  3  4  5  2  1  2 
 48.259 -23.838  25  2  1  5  1  2  3  4  5  2  1  2 
 40.428 -8.914  17  2  1  5  1  2  3  4  5  2  1  2 
-31.059 -36.314  16  2  1  5  1  2  3  4  5  2  1  2 
 11.631 -2.963  16  2  1  5  1  2  3  4  5  2  1  2 
 50.23 -39.189  8  2  1  5  1  2  3  4  5  2  1  2 
 48.778  0.754  8  2  1  5  1  2  3  4  5  2  1  2 
 35.313 -13.694  11  2  1  5  1  2  3  4  5  2  1  2 
-8.933 -1.614  20  2  1  5  1  2  3  4  5  2  1  2 
 38.701 -1.523  10  2  1  5  1  2  3  4  5  2  1  2 
 45.158 -46.764  16  2  1  5  1  2  3  4  5  2  1  2 
 23.032 -15.104  22  2  1  5  1  2  3  4  5  2  1  2 
 33.799 -38.603  17  2  1  5  1  2  3  4  5  2  1  2 
-7.419 -49.297  10  2  1  5  1  2  3  4  5  2  1  2 
 25.425  53.056  4  2  1  5  1  2  3  4  5  2  1  2 
 16.477  24.522  6  2  1  5  1  2  3  4  5  2  1  2 
 49.986 -4.599  13  2  1  5  1  2  3  4  5  2  1  2 
 35.417 -26.743  15  2  1  5  1  2  3  4  5  2  1  2 
 15.39  37.419  12  2  1  5  1  2  3  4  5  2  1  2 
-46.043 -4.514  13  2  1  5  1  2  3  4  5  2  1  2 
 34.806 -15.946  6  2  1  5  1  2  3  4  5  2  1  2 
 22.105 -55.138  18  2  1  5  1  2  3  4  5  2  1  2 
 34.294  77.404  11  2  1  5  1  2  3  4  5  2  1  2 
 42.985 -37.114  2  2  1  5  1  2  3  4  5  2  1  2 
 50.23  29.685  14  2  1  5  1  2  3  4  5  2  1  2 
 59.282  33.75  15  2  1  5  1  2  3  4  5  2  1  2 
 40.153  9.561  3  2  1  5  1  2  3  4  5  2  1  2 
-69.732 -21.903  9  2  1  5  1  2  3  4  5  2  1  2 
-0.272 -35.154  10  2  1  5  1  2  3  4  5  2  1  2 
 16.855 -14.982  10  2  1  5  1  2  3  4  5  2  1  2 
 39.537 -11.142  8  2  1  5  1  2  3  4  5  2  1  2 
-6.174  2.371  21  2  1  5  1  2  3  4  5  2  1  2 
 48.07  31.449  11  2  1  5  1  2  3  4  5  2  1  2 
-33.793 -47.075  16  2  1  5  1  2  3  4  5  2  1  2 
 18.265  34.977  23  2  1  5  1  2  3  4  5  2  1  2 
 46.855 -0.79  23  2  1  5  1  2  3  4  5  2  1  2 
-32.42  75.628  25  2  1  5  1  2  3  4  5  2  1  2 
-23.753  32.365  13  2  1  5  1  2  3  4  5  2  1  2 
 27.567 -9.854  18  2  1  5  1  2  3  4  5  2  1  2 
 37.626  9.616  23  2  1  5  1  2  3  4  5  2  1  2 
 20.444  51.488  6  2  1  5  1  2  3  4  5  2  1  2 
 41.16 -23.118  23  2  1  5  1  2  3  4  5  2  1  2 
 44.676 -13.828  10  2  1  5  1  2  3  4  5  2  1  2 
-32.804 -8.298  6  2  1  5  1  2  3  4  5  2  1  2 
-16.147 -12.912  11  2  1  5  1  2  3  4  5  2  1  2 
 43.132  10.843  1  2  1  5  1  2  3  4  5  2  1  2 
-9.555 -8.847  14  2  1  5  1  2  3  4  5  2  1  2 
-16.892 -39.305  15  2  1  5  1  2  3  4  5  2  1  2 
-86.261  1.907  23  2  1  5  1  2  3  4  5  2  2  3 
 31.669 -35.124  25  2  1  5  1  2  3  4  5  2  2  3 
 45.286 -20.75  2  2  1  5  1  2  3  4  5  2  2  3 
 24.528  13.272  16  2  1  5  1  2  3  4  5  2  2  3 
-30.57 -31.431  19  2  1  5  1  2  3  4  5  2  2  3 
 47.063 -29.081  17  2  1  5  1  2  3  4  5  2  2  3 
 53.887 -19.059  3  2  1  5  1  2  3  4  5  2  2  3 
 33.671  31.12  17  2  1  5  1  2  3  4  5  2  2  3 
 14.109 -20.695  16  2  1  5  1  2  3  4  5  2  2  3 
 15.342  17.478  10  2  1  5  1  2  3  4  5  2  2  3 
 0.674 -34.519  9  2  1  5  1  2  3  4  5  2  2  3 
-3.079 -23.356  7  2  1  5  1  2  3  4  5  2  2  3 
-22.08 -47.716  23  2  1  5  1  2  3  4  5  2  2  3 
-44.438  10.239  2  2  1  5  1  2  3  4  5  2  2  3 
 52.104 -33.183  3  2  1  5  1  2  3  4  5  2  2  3 
 97.998  5.356  25  2  1  5  1  2  3  4  5  2  2  3 
 16.153  87.396  11  2  1  5  1  2  3  4  5  2  2  3 
-27.677 -24.253  9  2  1  5  1  2  3  4  5  2  2  3 
 89.66  6.003  14  2  1  5  1  2  3  4  5  2  2  3 
 3.25 -24.839  13  2  1  5  1  2  3  4  5  2  2  3 
 10.819  69.915  17  2  1  5  1  2  3  4  5  2  2  3 
 0.247 -38.749  25  2  1  5  1  2  3  4  5  2  2  3 
-46.171 -54.027  21  2  1  5  1  2  3  4  5  2  2  3 
 60.247 -28.092  1  2  1  5  1  2  3  4  5  2  2  3 
 54.857  64.599  2  2  1  5  1  2  3  4  5  2  2  3 
 15.372 -10.385  1  2  1  5  1  2  3  4  5  2  2  3 
 7.065  86.419  12  2  1  5  1  2  3  4  5  2  2  3 
-74.017  9.287  24  2  1  5  1  2  3  4  5  2  2  3 
 68.444 -49.883  23  2  1  5  1  2  3  4  5  2  2  3 
-11.185 -61.779  10  2  1  5  1  2  3  4  5  2  2  3 
 28.294  30.778  2  2  1  5  1  2  3  4  5  2  2  3 
 90.228 -79.76  7  2  1  5  1  2  3  4  5  2  2  3 
-16.379 -34.843  23  2  1  5  1  2  3  4  5  2  2  3 
 31.4  9.922  3  2  1  5  1  2  3  4  5  2  2  3 
-27.256 -8.42  24  2  1  5  1  2  3  4  5  2  2  3 
 6.998  52.092  2  2  1  5  1  2  3  4  5  2  2  3 
-22.752 -23.545  14  2  1  5  1  2  3  4  5  2  2  3 
 40.074  22.953  4  2  1  5  1  2  3  4  5  2  2  3 
-1.944 -54.033  4  2  1  5  1  2  3  4  5  2  2  3 
 12.528  34.098  8  2  1  5  1  2  3  4  5  2  2  3 
-28.941 -38.768  25  2  1  5  1  2  3  4  5  2  2  3 
-8.585  68.969  24  2  1  5  1  2  3  4  5  2  2  3 
-10.129  20.841  18  2  1  5  1  2  3  4  5  2  2  3 
-41.612  15.824  9  2  1  5  1  2  3  4  5  2  2  3 
-67.84 -14.341  20  2  1  5  1  2  3  4  5  2  2  3 
 5.435  24.894  9  2  1  5  1  2  3  4  5  2  2  3 
-35.081 -17.905  19  2  1  5  1  2  3  4  5  2  2  3 
 21.72 -7.047  8  2  1  5  1  2  3  4  5  2  2  3 
 66.735  36.479  3  2  1  5  1  2  3  4  5  2  2  3 
 31.394  63.317  11  2  1  5  1  2  3  4  5  2  2  3 
 57.982  64.458  1  2  1  5  1  2  3  4  5  2  2  3 
-3.714  32.493  2  2  1  5  1  2  3  4  5  2  2  3 
 11.649  77.66  22  2  1  5  1  2  3  4  5  2  2  3 
 53.954 -51.708  10  2  1  5  1  2  3  4  5  2  2  3 
 22.788 -23.362  14  2  1  5  1  2  3  4  5  2  2  3 
 92.511 -43.083  23  2  2  3  6  7  8  1  1 
 22.318  30.497  5  2  2  3  6  7  8  1  1 
 11.917  3.531  11  2  2  3  6  7  8  1  1 
-21.763  3.641  4  2  2  3  6  7  8  1  1 
 56.822 -22.904  20  2  2  3  6  7  8  1  1 
-55.394 -35.875  12  2  2  3  6  7  8  1  1 
 35.484 -28.489  24  2  2  3  6  7  8  1  1 
 16.245  41.368  5  2  2  3  6  7  8  1  1 
 52.788  11.814  14  2  2  3  6  7  8  1  1 
 64.025  18.332  5  2  2  3  6  7  8  1  1 
 0.259  32.884  14  2  2  3  6  7  8  1  1 
 53.16 -7.968  18  2  2  3  6  7  8  1  1 
 47.032  17.582  12  2  2  3  6  7  8  1  1 
 38.633  39.543  6  2  2  3  6  7  8  1  1 
 83.557 -54.167  25  2  2  3  6  7  8  1  1 
 67.193  9.232  23  2  2  3  6  7  8  1  1 
-22.947 -32.859  11  2  2  3  6  7  8  1  1 
 7.974  61.473  4  2  2  3  6  7  8  1  1 
-60.607 -35.698  14  2  2  3  6  7  8  1  1 
 31.742 -6.186  4  2  2  3  6  7  8  1  1 
 30.638  23.759  15  2  2  3  6  7  8  1  1 
 29.588 -41.38  14  2  2  3  6  7  8  1  1 
-25.462 -8.206  17  2  2  3  6  7  8  1  1 
-1.254  61.376  13  2  2  3  6  7  8  1  1 
-30.65  46.208  2  2  2  3  6  7  8  1  1 
 65.764  5.136  6  2  2  3  6  7  8  1  1 
 58.922  8.878  16  2  2  3  6  7  8  1  1 
 36.46  8.908  13  2  2  3  6  7  8  1  1 
 12.156  43.113  1  2  2  3  6  7  8  1  1 
-9.922  35.337  6  2  2  3  6  7  8  1  1 
-60.198 -29.917  11  2  2  3  6  7  8  2  1  2 
 90.667  48.595  3  2  2  3  6  7  8  2  1  2 
-25.498 -7.266  9  2  2  3  6  7  8  2  1  2 
 26.316  6.192  21  2  2  3  6  7  8  2  1  2 
 57.213  50.774  7  2  2  3  6  7  8  2  1  2 
 40.629 -2.841  19  2  2  3  6  7  8  2  1  2 
 57.884 -18.442  12  2  2  3  6  7  8  2  1  2 
 45.872 -45.335  2  2  2  3  6  7  8  2  1  2 
 11.747  45.256  20  2  2  3  6  7  8  2  1  2 
 29.923  27.946  24  2  2  3  6  7  8  2  1  2 
 36.808  26.151  23  2  2  3  6  7  8  2  1  2 
 57.781  43.113  1  2  2  3  6  7  8  2  1  2 
-12.18 -32.792  22  2  2  3  6  7  8  2  1  2 
 61.492  58.44  10  2  2  3  6  7  8  2  1  2 
 63.781  9.659  2  2  2  3  6  7  8  2  1  2 
 46.452 -4.062  21  2  2  3  6  7  8  2  1  2 
 8.426 -26.963  12  2  2  3  6  7  8  2  1  2 
 28.556  41.057  4  2  2  3  6  7  8  2  1  2 
 55.834 -10.294  8  2  2  3  6  7  8  2  1  2 
-26.127 -29.911  3  2  2  3  6  7  8  2  1  2 
-35.923 -17.014  16  2  2  3  6  7  8  2  1  2 
-18.888  18.198  11  2  2  3  6  7  8  2  1  2 
-15.494 -39.39  14  2  2  3  6  7  8  2  1  2 
-13.895  39.012  18  2  2  3  6  7  8  2  1  2 
 7.694  12.351  9  2  2  3  6  7  8  2  1  2 
 53.124  45.006  5  2  2  3  6  7  8  2  1  2 
 64.782  52.757  3  2  2  3  6  7  8  2  1  2 
 45.915 -32.56  2  2  2  3  6  7  8  2  1  2 
-68.444 -49.767  5  2  2  3  6  7  8  2  1  2 
-23.814 -15.104  25  2  2  3  6  7  8  2  1  2 
-9.116  61.65  16  2  2  3  6  7  8  2  1  2 
-57.189 -83.111  25  2  2  3  6  7  8  2  1  2 
-62.31  63.591  16  2  2  3  6  7  8  2  1  2 
-34.281  87.786  24  2  2  3  6  7  8  2  1  2 
-37.87 -34.812  16  2  2  3  6  7  8  2  1  2 
 70.983 -87.524  9  2  2  3  6  7  8  2  2  3 
-17.331 -34.19  4  2  2  3  6  7  8  2  2  3 
 30.43  35.325  22  2  2  3  6  7  8  2  2  3 
-0.034 -3.22  1  2  2  3  6  7  8  2  2  3 
 1.92 -94.153  4  2  2  3  6  7  8  2  2  3 
-15.213  62.908  13  2  2  3  6  7  8  2  2  3 
 35.557 -33.494  23  2  2  3  6  7  8  2  2  3 
 42.698 -38.951  8  2  2  3  6  7  8  2  2  3 
 97.143  32.31  10  2  2  3  6  7  8  2  2  3 
 70.995  61.431  6  2  2  3  6  7  8  2  2  3 
 63.091 -8.139  7  2  2  3  6  7  8  2  2  3 
 63.903 -44.975  12  2  2  3  6  7  8  2  2  3 
 27.238 -32.505  21  2  2  3  6  7  8  2  2  3 
 23.301  12.882  11  2  2  3  6  7  8  2  2  3 
-21.665 -31.059  10  2  2  3  6  7  8  2  2  3 
 44.908  11.1  20  2  2  3  6  7  8  2  2  3 
 67.888 -13.517  1  2  2  3  6  7  8  2  2  3 
-19.309  8.249  9  2  2  3  6  7  8  2  2  3 
 14.652 -87.127  8  2  2  3  6  7  8  2  2  3 
 63.793  7.95  14  2  2  3  6  7  8  2  2  3 
 47.233 -50.029  20  2  2  3  6  7  8  2  2  3 
 53.185 -29.49  20  2  2  3  6  7  8  2  2  3 
-1.523  26.164  4  2  2  3  6  7  8  2  2  3 
-38.06 -9.763  1  2  2  3  6  7  8  2  2  3 
 40.318  40.141  11  2  2  3  6  7  8  2  2  3 
-29.344 -23.319  21  2  2  3  6  7  8  2  2  3 
 16.733  84.417  1  2  2  3  6  7  8  2  2  3 
 63.06 -32.878  11  2  2  3  6  7  8  2  2  3 
-8.805  45.036  17  2  2  3  6  7  8  2  2  3 
-68.755 -27.085  2  2  2  3  6  7  8  2  2  3 
-86.67 -42.796  4  2  2  3  6  7  8  2  2  3 
 22.245  87.213  20  2  2  3  6  7  8  2  2  3 
 26.475 -46.092  4  2  2  3  6  7  8  2  2  3 
 72.765 -15.03  25  2  2  3  6  7  8  2  2  3 
-74.792 -71.325  10  2  2  3  6  7  8  2  2  3 
 51.897  9.745  21  2  5  1  9  1  1 
 71.923 -2.213  24  2  5  1  9  1  1 
-1.59 -10.947  1  2  5  1  9  1  1 
 81.231  43.577  20  2  5  1  9  1  1 
-20.304  90.423  4  2  5  1  9  1  1 
-18.296 -20.963  23  2  5  1  9  1  1 
 72.863 -79.626  11  2  5  1  9  1  1 
 4.08  17.747  7  2  5  1  9  1  1 
-16.355  16.141  16  2  5  1  9  1  1 
 67.461  55.919  1  2  5  1  9  1  1 
 40.349  17.472  14  2  5  1  9  1  1 
-88.574 -23.081  17  2  5  1  9  1  1 
-38.249 -10.282  1  2  5  1  9  1  1 
 18.296 -49.034  3  2  5  1  9  1  1 
 97.54 -15.116  5  2  5  1  9  1  1 
 75.231 -56.365  7  2  5  1  9  1  1 
 32.878 -56.499  17  2  5  1  9  1  1 
-32.719 -38.633  23  2  5  1  9  1  1 
-26.322  1.224  1  2  5  1  9  1  1 
 23.38  11.997  25  2  5  1  9  1  1 
 59.349  18.198  15  2  5  1  9  1  1 
 49.62  12.845  22  2  5  1  9  1  1 
-11.435 -64.379  6  2  5  1  9  1  1 
 44.908 -41.777  12  2  5  1  9  1  1 
-13.297 -14.438  23  2  5  1  9  1  1 
-19.578  60.912  12  2  5  1  9  1  1 
-30.442  15.061  25  2  5  1  9  1  1 
-13.846 -6.412  7  2  5  1  9  1  1 
 80.554 -12.803  8  2  5  1  9  1  1 
 44.823 -46.55  19  2  5  1  9  1  1 
-87.323  25.571  20  2  5  1  9  2  1  2 
 74.456 -44.932  25  2  5  1  9  2  1  2 
 55.4  15.513  25  2  5  1  9  2  1  2 
-29.923 -24.094  10  2  5  1  9  2  1  2 
-28.288 -18.9  6  2  5  1  9  2  1  2 
 9.372  70.952  14  2  5  1  9  2  1  2 
-34.977 -73.309  16  2  5  1  9  2  1  2 
 29.582  36.46  19  2  5  1  9  2  1  2 
 23.136  21.451  13  2  5  1  9  2  1  2 
 17.179 -82.397  10  2  5  1  9  2  1  2 
 38.676 -22.355  21  2  5  1  9  2  1  2 
-13.669  40.428  6  2  5  1  9  2  1  2 
-37.333 -9.995  12  2  5  1  9  2  1  2 
 47.52 -56.444  6  2  5  1  9  2  1  2 
-28.874  35.99  25  2  5  1  9  2  1  2 
 19.547  69.201  2  2  5  1  9  2  1  2 
-7.578  25.358  20  2  5  1  9  2  1  2 
 47.636 -10.837  16  2  5  1  9  2  1  2 
 34.312 -5.679  11  2  5  1  9  2  1  2 
-64.489  1.303  21  2  5  1  9  2  1  2 
 39.958 -6.851  7  2  5  1  9  2  1  2 
 63.915  8.78  14  2  5  1  9  2  1  2 
-7.804  83.544  19  2  5  1  9  2  1  2 
-6.497 -36.699  21  2  5  1  9  2  1  2 
 2.206  55.406  14  2  5  1  9  2  1  2 
-21.622 -45.817  25  2  5  1  9  2  1  2 
-31.883  7.846  14  2  5  1  9  2  1  2 
-50.426  3.201  1  2  5  1  9  2  1  2 
 8.884  33.073  16  2  5  1  9  2  1  2 
 7.889  64.086  12  2  5  1  9  2  1  2 
 16.129  43.535  7  2  5  1  9  2  2  3 
 63.817 -10.428  24  2  5  1  9  2  2  3 
 8.676  18.595  12  2  5  1  9  2  2  3 
 62.432 -5.179  22  2  5  1  9  2  2  3 
 69.988 -5.191  19  2  5  1  9  2  2  3 
 36.613  71.355  17  2  5  1  9  2  2  3 
-10.526  26.682  24  2  5  1  9  2  2  3 
 7.309  43.73  10  2  5  1  9  2  2  3 
 15.726  38.163  7  2  5  1  9  2  2  3 
-79.803 -64.696  18  2  5  1  9  2  2  3 
 43.669  73.351  23  2  5  1  9  2  2  3 
 56.511 -48.198  10  2  5  1  9  2  2  3 
 66.979  20.457  6  2  5  1  9  2  2  3 
 37.748 -86.181  18  2  5  1  9  2  2  3 
 52.086 -58.47  16  2  5  1  9  2  2  3 
 63.805 -68.273  10  2  5  1  9  2  2  3 
 16.721 -26.414  22  2  5  1  9  2  2  3 
-11.124  8.621  1  2  5  1  9  2  2  3 
-18.632 -11.661  10  2  5  1  9  2  2  3 
-7.907  38.853  2  2  5  1  9  2  2  3 
-33.47 -29.374  20  2  5  1  9  2  2  3 
 43.675  40.684  18  2  5  1  9  2  2  3 
 30.088 -6.314  5  2  5  1  9  2  2  3 
 57.537  9.586  24  2  5  1  9  2  2  3 
 40.831 -47.465  18  2  5  1  9  2  2  3 
 46.245  98.914  23  2  5  1  9  2  2  3 
 40.88 -34.562  19  2  5  1  9  2  2  3 
 32.926 -42.521  19  2  5  1  9  2  2  3 
 67.028 -12.174  18  2  5  1  9  2  2  3 
 21.494 -6.949  14  2  5  1  9  2  2  3 
 1  1 
 1  2 
 1  3 
 1  4 
 1  5 
 2  1  3 
 2  2  4 
 2  3  5 
 5  1  2  3  4  5 
