 288  5  9  3  6  1.2 
 23.382  21.871  2 
 1  100  1800  1 
 1  100  1800  1 
 1  100  1800  1 
 2  150  1800  2 
 2  150  1800  2 
 3  200  1800  3 
 14.866  4.147  14  2  1  5  1  2  3  4  5  1  1 
-75.506  20.145  23  2  1  5  1  2  3  4  5  1  1 
 4.459 -82.635  4  2  1  5  1  2  3  4  5  1  1 
-38.548 -40.861  16  2  1  5  1  2  3  4  5  1  1 
-92.468  88.928  1  2  1  5  1  2  3  4  5  1  1 
-57.805  48.796  22  2  1  5  1  2  3  4  5  1  1 
 12.577  18.101  2  2  1  5  1  2  3  4  5  1  1 
-14.792 -65.85  25  2  1  5  1  2  3  4  5  1  1 
 8.988 -22.428  16  2  1  5  1  2  3  4  5  1  1 
-32.67  42.936  1  2  1  5  1  2  3  4  5  1  1 
 23.948 -37.046  16  2  1  5  1  2  3  4  5  1  1 
-46.715  37.913  16  2  1  5  1  2  3  4  5  1  1 
-13.242  23.783  6  2  1  5  1  2  3  4  5  1  1 
 25.181 -24.039  18  2  1  5  1  2  3  4  5  1  1 
-34.611  9.793  3  2  1  5  1  2  3  4  5  1  1 
-6.461 -29.667  10  2  1  5  1  2  3  4  5  1  1 
 12.51 -10.776  17  2  1  5  1  2  3  4  5  1  1 
 21.653 -24.1  17  2  1  5  1  2  3  4  5  1  1 
-24.876  41.411  12  2  1  5  1  2  3  4  5  1  1 
-25.919  64.568  1  2  1  5  1  2  3  4  5  1  1 
 8.725 -20.304  7  2  1  5  1  2  3  4  5  1  1 
 65.966 -26.67  2  2  1  5  1  2  3  4  5  1  1 
-54.234  37.681  8  2  1  5  1  2  3  4  5  1  1 
-68.535  38.029  20  2  1  5  1  2  3  4  5  1  1 
 34.519 -5.374  11  2  1  5  1  2  3  4  5  1  1 
-18.888 -7.84  9  2  1  5  1  2  3  4  5  1  1 
 10.66  4.038  22  2  1  5  1  2  3  4  5  1  1 
 4.477 -37.223  6  2  1  5  1  2  3  4  5  1  1 
 38.255 -18.754  20  2  1  5  1  2  3  4  5  1  1 
-4.746  5.118  10  2  1  5  1  2  3  4  5  1  1 
-86.584 -54.985  25  2  1  5  1  2  3  4  5  1  1 
-9  67.852  8  2  1  5  1  2  3  4  5  1  1 
-29.734  49.718  20  2  1  5  1  2  3  4  5  1  1 
-42.692  43.925  20  2  1  5  1  2  3  4  5  1  1 
 42.705  12.766  7  2  1  5  1  2  3  4  5  1  1 
 58.763  43.492  25  2  1  5  1  2  3  4  5  1  1 
-82.751  37.754  8  2  1  5  1  2  3  4  5  1  1 
-8.86 -33.952  8  2  1  5  1  2  3  4  5  1  1 
 93.225  31.419  9  2  1  5  1  2  3  4  5  1  1 
-7.718 -32.969  7  2  1  5  1  2  3  4  5  1  1 
-9.751  49.333  21  2  1  5  1  2  3  4  5  1  1 
-54.918  44.774  11  2  1  5  1  2  3  4  5  1  1 
-23.661  19.004  11  2  1  5  1  2  3  4  5  1  1 
 10.3 -21.708  17  2  1  5  1  2  3  4  5  1  1 
-8.463  29.728  25  2  1  5  1  2  3  4  5  1  1 
-46.055 -3.043  24  2  1  5  1  2  3  4  5  1  1 
 21.958 -68.133  14  2  1  5  1  2  3  4  5  1  1 
-37.974  31.053  21  2  1  5  1  2  3  4  5  1  1 
-69.256  10.434  11  2  1  5  1  2  3  4  5  2  1  2 
-92.48  42.497  7  2  1  5  1  2  3  4  5  2  1  2 
 44.713 -28.178  19  2  1  5  1  2  3  4  5  2  1  2 
-28.025  3.085  20  2  1  5  1  2  3  4  5  2  1  2 
-42.528  4.807  20  2  1  5  1  2  3  4  5  2  1  2 
-45.653 -2.103  15  2  1  5  1  2  3  4  5  2  1  2 
 43.571 -18.278  9  2  1  5  1  2  3  4  5  2  1  2 
-2.219  6.589  23  2  1  5  1  2  3  4  5  2  1  2 
-17.484  43.376  3  2  1  5  1  2  3  4  5  2  1  2 
-36.699  22.745  18  2  1  5  1  2  3  4  5  2  1  2 
-43.541 -54.979  15  2  1  5  1  2  3  4  5  2  1  2 
-34.251 -83.721  22  2  1  5  1  2  3  4  5  2  1  2 
 17.82  28.623  18  2  1  5  1  2  3  4  5  2  1  2 
-99.335  22.538  6  2  1  5  1  2  3  4  5  2  1  2 
-16.251  5.014  17  2  1  5  1  2  3  4  5  2  1  2 
-39.671  30.638  22  2  1  5  1  2  3  4  5  2  1  2 
-43.352  35.02  7  2  1  5  1  2  3  4  5  2  1  2 
-27.305  46.44  4  2  1  5  1  2  3  4  5  2  1  2 
-17.734  15.72  5  2  1  5  1  2  3  4  5  2  1  2 
-60.527  50.938  25  2  1  5  1  2  3  4  5  2  1  2 
 6.125 -1.944  16  2  1  5  1  2  3  4  5  2  1  2 
 12.558 -20.603  10  2  1  5  1  2  3  4  5  2  1  2 
 22.288 -79.54  16  2  1  5  1  2  3  4  5  2  1  2 
 19.932 -19.071  5  2  1  5  1  2  3  4  5  2  1  2 
-35.368  18.21  14  2  1  5  1  2  3  4  5  2  1  2 
 1.437 -2.31  24  2  1  5  1  2  3  4  5  2  1  2 
-29.533  40.306  23  2  1  5  1  2  3  4  5  2  1  2 
 10.819  75.176  7  2  1  5  1  2  3  4  5  2  1  2 
 37.181  43.797  6  2  1  5  1  2  3  4  5  2  1  2 
 41.844 -43.144  17  2  1  5  1  2  3  4  5  2  1  2 
 0.162 -57.848  21  2  1  5  1  2  3  4  5  2  1  2 
-3.256 -18.198  5  2  1  5  1  2  3  4  5  2  1  2 
 43.846 -11.045  10  2  1  5  1  2  3  4  5  2  1  2 
 73.986  36.955  8  2  1  5  1  2  3  4  5  2  1  2 
-0.314 -13.724  1  2  1  5  1  2  3  4  5  2  1  2 
-10.306 -59.478  18  2  1  5  1  2  3  4  5  2  1  2 
 16.318 -20.292  6  2  1  5  1  2  3  4  5  2  1  2 
-15.946  13.565  9  2  1  5  1  2  3  4  5  2  1  2 
 9.897 -3.806  16  2  1  5  1  2  3  4  5  2  1  2 
-45.305  47.667  3  2  1  5  1  2  3  4  5  2  1  2 
 14.835  7.279  24  2  1  5  1  2  3  4  5  2  1  2 
-88.983  29.069  17  2  1  5  1  2  3  4  5  2  1  2 
-0.198  36.045  3  2  1  5  1  2  3  4  5  2  1  2 
-14.487  41.484  8  2  1  5  1  2  3  4  5  2  1  2 
-2.628  62.999  10  2  1  5  1  2  3  4  5  2  1  2 
-19.242  31.504  24  2  1  5  1  2  3  4  5  2  1  2 
-91.858  41.38  13  2  1  5  1  2  3  4  5  2  1  2 
-51.872  50.243  20  2  1  5  1  2  3  4  5  2  1  2 
 21.165 -7.547  8  2  1  5  1  2  3  4  5  2  2  3 
 22.629  15.415  13  2  1  5  1  2  3  4  5  2  2  3 
 0.369 -18.809  3  2  1  5  1  2  3  4  5  2  2  3 
 40.873  4.917  16  2  1  5  1  2  3  4  5  2  2  3 
-72.948  49.614  22  2  1  5  1  2  3  4  5  2  2  3 
 19.254 -75.207  21  2  1  5  1  2  3  4  5  2  2  3 
-45.5  16.605  10  2  1  5  1  2  3  4  5  2  2  3 
-0.369 -23.832  3  2  1  5  1  2  3  4  5  2  2  3 
 20.737 -12.003  10  2  1  5  1  2  3  4  5  2  2  3 
 8.176  5.869  16  2  1  5  1  2  3  4  5  2  2  3 
 10.337 -9.293  8  2  1  5  1  2  3  4  5  2  2  3 
-9.055  65.752  14  2  1  5  1  2  3  4  5  2  2  3 
-55.248  23.85  17  2  1  5  1  2  3  4  5  2  2  3 
 40.226 -33.097  5  2  1  5  1  2  3  4  5  2  2  3 
-29.832  25.047  25  2  1  5  1  2  3  4  5  2  2  3 
 7.743 -11.588  21  2  1  5  1  2  3  4  5  2  2  3 
-1.962 -64.293  8  2  1  5  1  2  3  4  5  2  2  3 
-32.011  79.528  10  2  1  5  1  2  3  4  5  2  2  3 
-12.851  13.767  15  2  1  5  1  2  3  4  5  2  2  3 
-1.999 -57.616  11  2  1  5  1  2  3  4  5  2  2  3 
-42.43  72.118  8  2  1  5  1  2  3  4  5  2  2  3 
 44.841  4.843  6  2  1  5  1  2  3  4  5  2  2  3 
-1.846  35.618  12  2  1  5  1  2  3  4  5  2  2  3 
-35.954 -1.541  21  2  1  5  1  2  3  4  5  2  2  3 
 22.483  56.432  20  2  1  5  1  2  3  4  5  2  2  3 
-61.199  44.621  17  2  1  5  1  2  3  4  5  2  2  3 
 67.431 -7.645  5  2  1  5  1  2  3  4  5  2  2  3 
 31.407 -16.05  24  2  1  5  1  2  3  4  5  2  2  3 
-27.488  18.973  17  2  1  5  1  2  3  4  5  2  2  3 
-29.472 -29.044  22  2  1  5  1  2  3  4  5  2  2  3 
-26.499  10.172  19  2  1  5  1  2  3  4  5  2  2  3 
-75.127 -19.993  19  2  1  5  1  2  3  4  5  2  2  3 
 32.676 -23.295  13  2  1  5  1  2  3  4  5  2  2  3 
-94.812  48.851  23  2  1  5  1  2  3  4  5  2  2  3 
-23.173  63.225  10  2  1  5  1  2  3  4  5  2  2  3 
 80.596 -14.927  9  2  1  5  1  2  3  4  5  2  2  3 
-54.924  19.254  10  2  1  5  1  2  3  4  5  2  2  3 
 5.881 -2.274  9  2  1  5  1  2  3  4  5  2  2  3 
-36.784 -55.113  15  2  1  5  1  2  3  4  5  2  2  3 
-16.514  20.774  17  2  1  5  1  2  3  4  5  2  2  3 
 8.878 -2.298  17  2  1  5  1  2  3  4  5  2  2  3 
 29.508  21.256  17  2  1  5  1  2  3  4  5  2  2  3 
 24.192 -0.674  24  2  1  5  1  2  3  4  5  2  2  3 
 15.629 -29.673  13  2  1  5  1  2  3  4  5  2  2  3 
-41.392  19.626  2  2  1  5  1  2  3  4  5  2  2  3 
 5.838  9.952  4  2  1  5  1  2  3  4  5  2  2  3 
-37.028 -0.125  7  2  1  5  1  2  3  4  5  2  2  3 
-12.455  32.194  5  2  1  5  1  2  3  4  5  2  2  3 
-12.626  22.629  3  2  2  3  6  7  8  1  1 
-45.933  23.612  21  2  2  3  6  7  8  1  1 
 25.15  8.42  15  2  2  3  6  7  8  1  1 
-1.468 -52.324  25  2  2  3  6  7  8  1  1 
 0.681  6.992  4  2  2  3  6  7  8  1  1 
-44.121 -4.196  7  2  2  3  6  7  8  1  1 
-12.259  34.861  11  2  2  3  6  7  8  1  1 
 5.759  4.91  22  2  2  3  6  7  8  1  1 
-67.968  37.248  19  2  2  3  6  7  8  1  1 
-60.778  54.955  18  2  2  3  6  7  8  1  1 
 16.44  18.015  23  2  2  3  6  7  8  1  1 
 39.903  27.366  16  2  2  3  6  7  8  1  1 
 15.268 -6.76  12  2  2  3  6  7  8  1  1 
-8.768  7.004  8  2  2  3  6  7  8  1  1 
-8.347  9.207  19  2  2  3  6  7  8  1  1 
-13.266 -11.667  20  2  2  3  6  7  8  1  1 
-31.559 -30.039  1  2  2  3  6  7  8  1  1 
-38.481  75.433  5  2  2  3  6  7  8  1  1 
 15.47 -52.861  17  2  2  3  6  7  8  1  1 
-41.325  25.297  17  2  2  3  6  7  8  1  1 
-57.543  30.57  10  2  2  3  6  7  8  1  1 
-9.995  41.301  1  2  2  3  6  7  8  1  1 
-16.105  14.023  5  2  2  3  6  7  8  1  1 
 16.501  49.339  6  2  2  3  6  7  8  1  1 
-30.985  44.603  6  2  2  3  6  7  8  2  1  2 
-21.22  27.744  13  2  2  3  6  7  8  2  1  2 
 15.702 -4.587  3  2  2  3  6  7  8  2  1  2 
-21.848 -14.53  24  2  2  3  6  7  8  2  1  2 
 17.301 -41.6  9  2  2  3  6  7  8  2  1  2 
-47.661  10.331  5  2  2  3  6  7  8  2  1  2 
 28.977  1.212  4  2  2  3  6  7  8  2  1  2 
-70.818  19.407  16  2  2  3  6  7  8  2  1  2 
-15.616 -12.131  4  2  2  3  6  7  8  2  1  2 
-31.834 -2.969  15  2  2  3  6  7  8  2  1  2 
-4.642  17.447  14  2  2  3  6  7  8  2  1  2 
-28.825  59.935  2  2  2  3  6  7  8  2  1  2 
-32.005  33.671  14  2  2  3  6  7  8  2  1  2 
-73.437  35.142  14  2  2  3  6  7  8  2  1  2 
-55.943  75.237  4  2  2  3  6  7  8  2  1  2 
-49.333  28.947  10  2  2  3  6  7  8  2  1  2 
-90.71  12.198  24  2  2  3  6  7  8  2  1  2 
 84.442  26.444  3  2  2  3  6  7  8  2  1  2 
-61.504  63.512  18  2  2  3  6  7  8  2  1  2 
-93.329  48.881  14  2  2  3  6  7  8  2  1  2 
 8.786 -4.575  5  2  2  3  6  7  8  2  1  2 
-16.666  46.861  21  2  2  3  6  7  8  2  1  2 
-53.996  29.392  14  2  2  3  6  7  8  2  1  2 
 11.167  25.846  2  2  2  3  6  7  8  2  1  2 
 12.827 -2.902  22  2  2  3  6  7  8  2  2  3 
-25.382 -46.11  18  2  2  3  6  7  8  2  2  3 
-68.004  77.514  21  2  2  3  6  7  8  2  2  3 
-31.419  11.057  20  2  2  3  6  7  8  2  2  3 
 3.586  65.935  2  2  2  3  6  7  8  2  2  3 
-43.321 -1.364  19  2  2  3  6  7  8  2  2  3 
-47.96  36.711  14  2  2  3  6  7  8  2  2  3 
-39.39  25.755  16  2  2  3  6  7  8  2  2  3 
-35.063  18.357  13  2  2  3  6  7  8  2  2  3 
-7.34  32.456  11  2  2  3  6  7  8  2  2  3 
 9.568 -9.043  19  2  2  3  6  7  8  2  2  3 
 8.182  7.913  4  2  2  3  6  7  8  2  2  3 
 47.923 -50.334  15  2  2  3  6  7  8  2  2  3 
 26.627  5.777  15  2  2  3  6  7  8  2  2  3 
-88.867 -58.123  24  2  2  3  6  7  8  2  2  3 
-24.247  32.579  5  2  2  3  6  7  8  2  2  3 
-33.091  18.748  6  2  2  3  6  7  8  2  2  3 
-34.19  45.573  3  2  2  3  6  7  8  2  2  3 
-75.86  50.633  17  2  2  3  6  7  8  2  2  3 
-20.89 -35.911  15  2  2  3  6  7  8  2  2  3 
-78.985 -10.416  6  2  2  3  6  7  8  2  2  3 
 7.987 -17.344  16  2  2  3  6  7  8  2  2  3 
-26.615  12.687  21  2  2  3  6  7  8  2  2  3 
 28.892  11.008  4  2  2  3  6  7  8  2  2  3 
-37.37  93.237  12  2  5  1  9  1  1 
-77.752  43.315  10  2  5  1  9  1  1 
-40.733  9.482  25  2  5  1  9  1  1 
-32.353  41.948  5  2  5  1  9  1  1 
-13.761  47.337  6  2  5  1  9  1  1 
 19.443  39.122  3  2  5  1  9  1  1 
-0.522 -58.434  11  2  5  1  9  1  1 
-32.31  41.948  23  2  5  1  9  1  1 
-18.241  40.013  24  2  5  1  9  1  1 
-62.004 -3.671  19  2  5  1  9  1  1 
 21.372 -7.639  19  2  5  1  9  1  1 
 8.695 -41.887  23  2  5  1  9  1  1 
-39.5  42.338  20  2  5  1  9  1  1 
-38.298  34.66  14  2  5  1  9  1  1 
 53.172  11.893  20  2  5  1  9  1  1 
-30.943  12.033  11  2  5  1  9  1  1 
-8.689 -29.844  25  2  5  1  9  1  1 
 53.087  12.577  6  2  5  1  9  1  1 
-9.787  24.967  15  2  5  1  9  1  1 
-42.936 -8.42  2  2  5  1  9  1  1 
-25.864 -7.175  12  2  5  1  9  1  1 
-22.08  31.602  1  2  5  1  9  1  1 
-48.296  53.813  11  2  5  1  9  1  1 
-62.45  35.154  18  2  5  1  9  1  1 
-57.408  27.94  5  2  5  1  9  2  1  2 
-63.5  29.954  20  2  5  1  9  2  1  2 
 2.005 -9.793  18  2  5  1  9  2  1  2 
 68.847  9.391  1  2  5  1  9  2  1  2 
-27.287  52.068  17  2  5  1  9  2  1  2 
-1.444  7.718  13  2  5  1  9  2  1  2 
 42.943  46.684  13  2  5  1  9  2  1  2 
 4.624  3.452  1  2  5  1  9  2  1  2 
-49.687 -3.659  9  2  5  1  9  2  1  2 
 20.396 -10.611  16  2  5  1  9  2  1  2 
 36.393 -14.859  2  2  5  1  9  2  1  2 
-54.466  11.985  15  2  5  1  9  2  1  2 
 15.934 -36.43  8  2  5  1  9  2  1  2 
-29.099  25.199  15  2  5  1  9  2  1  2 
-25.553  8.921  25  2  5  1  9  2  1  2 
 25.956  10.117  3  2  5  1  9  2  1  2 
-84.002 -68.151  24  2  5  1  9  2  1  2 
 22.324 -24.931  23  2  5  1  9  2  1  2 
 59.093  49.077  23  2  5  1  9  2  1  2 
 14.792 -17.423  23  2  5  1  9  2  1  2 
-36.692  45.5  16  2  5  1  9  2  1  2 
-0.266 -42.784  5  2  5  1  9  2  1  2 
 1.419 -7.218  10  2  5  1  9  2  1  2 
 1.877 -7.724  18  2  5  1  9  2  1  2 
-50.163  33.573  19  2  5  1  9  2  2  3 
-10.691  65.386  21  2  5  1  9  2  2  3 
 3.836 -7.059  5  2  5  1  9  2  2  3 
-5.979  10.19  14  2  5  1  9  2  2  3 
-91.461 -10.782  24  2  5  1  9  2  2  3 
-38.993  34.983  9  2  5  1  9  2  2  3 
-43.492  54.845  4  2  5  1  9  2  2  3 
 2.957 -1.926  13  2  5  1  9  2  2  3 
-58.849  29.35  22  2  5  1  9  2  2  3 
-3.018 -13.834  11  2  5  1  9  2  2  3 
-19.687  58.507  4  2  5  1  9  2  2  3 
-19.382  9.146  8  2  5  1  9  2  2  3 
 5.368  67.51  3  2  5  1  9  2  2  3 
 23.484 -9.702  8  2  5  1  9  2  2  3 
-28.617 -2.573  14  2  5  1  9  2  2  3 
-2.371 -0.681  17  2  5  1  9  2  2  3 
 10.16  16.202  20  2  5  1  9  2  2  3 
-43.284  63.604  6  2  5  1  9  2  2  3 
-35.704 -32.121  2  2  5  1  9  2  2  3 
-40.086  32.102  6  2  5  1  9  2  2  3 
-50.499  54.558  10  2  5  1  9  2  2  3 
 18.113 -25.523  6  2  5  1  9  2  2  3 
 21.427 -31.938  7  2  5  1  9  2  2  3 
 9.238 -50.67  17  2  5  1  9  2  2  3 
 1  1 
 1  2 
 1  3 
 1  4 
 1  5 
 2  1  3 
 2  2  4 
 2  3  5 
 5  1  2  3  4  5 
