 50  2  3  2  2  1.2 
 19.085 -15.593  2 
 1  100  1800  1 
 2  150  1800  2 
-22.385 -16.33  3  2  1  2  1  2  1  1 
 21.848  42.222  21  2  1  2  1  2  1  1 
 25.358  23.984  18  2  1  2  1  2  1  1 
-38.798 -51.775  4  2  1  2  1  2  1  1 
 7.419 -39.988  1  2  1  2  1  2  1  1 
 41.777 -90.155  5  2  1  2  1  2  1  1 
-22.575 -25.559  13  2  1  2  1  2  1  1 
 34.458 -84.704  20  2  1  2  1  2  1  1 
-25.785 -46.074  9  2  1  2  1  2  1  1 
 88.049  5.673  2  2  1  2  1  2  1  1 
-31.907  60.765  15  2  1  2  1  2  1  1 
 70.977 -77.337  12  2  1  2  1  2  1  1 
 76.934 -10.135  21  2  1  2  1  2  1  2 
-33.598  2.335  1  2  1  2  1  2  1  2 
-4.343 -35.96  4  2  1  2  1  2  1  2 
-14.609  3.842  16  2  1  2  1  2  1  2 
 19.523  11.863  14  2  1  2  1  2  1  2 
-48.289 -93.182  13  2  1  2  1  2  1  2 
-4.471 -49.95  12  2  1  2  1  2  1  2 
 10.508 -63.134  7  2  1  2  1  2  1  2 
 1.437 -27.787  25  2  1  2  1  2  1  2 
-36.241 -12.247  16  2  1  2  1  2  1  2 
 60.765  68.883  22  2  1  2  1  2  1  2 
 54.729 -9.519  12  2  1  2  1  2  1  2 
-71.581 -14.664  17  2  1  2  1  2  2  1  2 
 37.706  4.581  21  2  1  2  1  2  2  1  2 
-12.882  44.023  11  2  1  2  1  2  2  1  2 
 5.454  22.349  12  2  1  2  1  2  2  1  2 
-40.678  25.474  10  2  1  2  1  2  2  1  2 
 12.156 -54.582  14  2  1  2  1  2  2  1  2 
 8.731 -62.639  7  2  1  2  1  2  2  1  2 
-30.906  56.615  14  2  1  2  1  2  2  1  2 
-5.417  16.324  22  2  1  2  1  2  2  1  2 
 6.101  41.667  19  2  1  2  1  2  2  1  2 
-4.111  55.126  4  2  1  2  1  2  2  1  2 
 31.132  4.117  7  2  1  2  1  2  2  1  2 
 6.375  50.975  21  2  2  1  3  1  1 
 8.585  17.185  24  2  2  1  3  1  1 
-25.132 -18.918  23  2  2  1  3  1  1 
 37.321  34.696  8  2  2  1  3  1  1 
 53.526  13.602  12  2  2  1  3  1  1 
 44.475  30.515  22  2  2  1  3  1  1 
-50.975 -39.988  21  2  2  1  3  1  1 
-19.559 -28.666  25  2  2  1  3  2  1  2 
 15.885 -39.708  5  2  2  1  3  2  1  2 
-64.098  6.906  3  2  2  1  3  2  1  2 
 4.257  38.517  24  2  2  1  3  2  1  2 
 33.323  20.096  14  2  2  1  3  2  1  2 
 73.827  30.766  6  2  2  1  3  2  1  2 
-22.544 -20.432  20  2  2  1  3  2  1  2 
 1  1 
 1  2 
 2  1  2 
