 750  6  12  5  13  1.2 
 43.213 -3.081  1 
 1  60  1800  1 
 1  60  1800  1 
 1  70  1800  1 
 1  70  1800  1 
 1  75  1800  1 
 2  80  1800  2 
 2  85  1800  2 
 2  90  1800  2 
 3  110  1800  3 
 3  115  1800  3 
 4  130  1800  4 
 4  135  1800  4 
 5  160  1800  5 
-11.847 -60.933  25  1  1  6  1  2  3  4  5  6  1  1 
-63.717 -82.54  5  1  1  6  1  2  3  4  5  6  1  1 
 36.335  29.145  4  1  1  6  1  2  3  4  5  6  1  1 
-28.913 -71.651  10  1  1  6  1  2  3  4  5  6  1  1 
-56.282 -10.749  7  1  1  6  1  2  3  4  5  6  1  1 
 41.45 -75.643  25  1  1  6  1  2  3  4  5  6  1  1 
-65.23 -43.464  3  1  1  6  1  2  3  4  5  6  1  1 
 76.583  6.037  6  1  1  6  1  2  3  4  5  6  1  1 
 30.818 -92.636  22  1  1  6  1  2  3  4  5  6  1  1 
 7.66  17.646  25  1  1  6  1  2  3  4  5  6  1  1 
 10.92 -52.876  16  1  1  6  1  2  3  4  5  6  1  1 
-70.016 -45.454  10  1  1  6  1  2  3  4  5  6  1  1 
 102.255 -120.835  1  1  1  6  1  2  3  4  5  6  1  1 
 8.82  16.547  3  1  1  6  1  2  3  4  5  6  1  1 
-37.007 -40.498  22  1  1  6  1  2  3  4  5  6  1  1 
 33.442  3.546  18  1  1  6  1  2  3  4  5  6  1  1 
 104.196 -102.463  8  1  1  6  1  2  3  4  5  6  1  1 
-5.939 -11.408  11  1  1  6  1  2  3  4  5  6  1  1 
-65.328 -98.874  25  1  1  6  1  2  3  4  5  6  1  1 
 40.62  25.495  4  1  1  6  1  2  3  4  5  6  1  1 
 71.041 -16.877  12  1  1  6  1  2  3  4  5  6  1  1 
 80.49 -13.202  6  1  1  6  1  2  3  4  5  6  1  1 
-62.13 -55.733  1  1  1  6  1  2  3  4  5  6  1  1 
-83.969 -114.023  1  1  1  6  1  2  3  4  5  6  1  1 
-4.926  48.958  11  1  1  6  1  2  3  4  5  6  1  1 
 11.567 -73.324  5  1  1  6  1  2  3  4  5  6  1  1 
 26.057 -50.948  21  1  1  6  1  2  3  4  5  6  1  1 
 63.253 -23.811  25  1  1  6  1  2  3  4  5  6  1  1 
-3.143  28.376  20  1  1  6  1  2  3  4  5  6  1  1 
 105.039  14.777  13  1  1  6  1  2  3  4  5  6  1  1 
 23.481 -122.275  21  1  1  6  1  2  3  4  5  6  1  1 
-8.087 -87.033  9  1  1  6  1  2  3  4  5  6  1  1 
 0.385 -66.988  1  1  1  6  1  2  3  4  5  6  1  1 
 5.292 -52.974  25  1  1  6  1  2  3  4  5  6  1  1 
-28.144 -72.921  21  1  1  6  1  2  3  4  5  6  1  1 
 17.89  2.167  7  1  1  6  1  2  3  4  5  6  1  1 
 48.213  19.343  6  1  1  6  1  2  3  4  5  6  1  1 
-6.366 -54.402  16  1  1  6  1  2  3  4  5  6  1  1 
 82.687 -0.238  6  1  1  6  1  2  3  4  5  6  1  1 
 17.878 -1.74  16  1  1  6  1  2  3  4  5  6  1  1 
-51.131  104.611  12  1  1  6  1  2  3  4  5  6  1  1 
 42.183 -15.937  11  1  1  6  1  2  3  4  5  6  1  1 
-0.128 -39.741  4  1  1  6  1  2  3  4  5  6  1  1 
-58.907 -57.942  21  1  1  6  1  2  3  4  5  6  1  1 
-56.404 -91.244  5  1  1  6  1  2  3  4  5  6  1  1 
 72.445 -20.099  12  1  1  6  1  2  3  4  5  6  1  1 
 43.159  40.754  23  1  1  6  1  2  3  4  5  6  1  1 
-63.204 -33.796  23  1  1  6  1  2  3  4  5  6  1  1 
 61.055  15.839  5  1  1  6  1  2  3  4  5  6  1  1 
 28.913  52.779  21  1  1  6  1  2  3  4  5  6  1  1 
 10.785 -97.604  2  1  1  6  1  2  3  4  5  6  1  1 
 11.982 -24.787  24  1  1  6  1  2  3  4  5  6  1  1 
 55.416 -6.61  7  1  1  6  1  2  3  4  5  6  1  1 
-54.817 -25.459  4  1  1  6  1  2  3  4  5  6  1  1 
 69.869  14.96  1  1  1  6  1  2  3  4  5  6  1  1 
 4.743 -71.798  20  1  1  6  1  2  3  4  5  6  1  1 
 29.255 -90.121  11  1  1  6  1  2  3  4  5  6  1  1 
-62.606 -83.834  22  1  1  6  1  2  3  4  5  6  1  1 
 93.051  25.727  8  1  1  6  1  2  3  4  5  6  1  1 
 42.622 -0.604  3  1  1  6  1  2  3  4  5  6  1  1 
-14.252  74.593  14  1  1  6  1  2  3  4  5  6  2  1  2 
 104.038  31.758  2  1  1  6  1  2  3  4  5  6  2  1  2 
 62.239 -17.695  24  1  1  6  1  2  3  4  5  6  2  1  2 
-128.196 -83.786  17  1  1  6  1  2  3  4  5  6  2  1  2 
 1.508  14.667  18  1  1  6  1  2  3  4  5  6  2  1  2 
 40.278  27.277  9  1  1  6  1  2  3  4  5  6  2  1  2 
 19.269  42.634  16  1  1  6  1  2  3  4  5  6  2  1  2 
 0.543 -109.714  20  1  1  6  1  2  3  4  5  6  2  1  2 
-129.466 -83.444  23  1  1  6  1  2  3  4  5  6  2  1  2 
-30.439 -35.066  4  1  1  6  1  2  3  4  5  6  2  1  2 
-64.766 -34.37  15  1  1  6  1  2  3  4  5  6  2  1  2 
 13.52 -127.464  2  1  1  6  1  2  3  4  5  6  2  1  2 
 46.113 -88.925  8  1  1  6  1  2  3  4  5  6  2  1  2 
 10.688 -70.223  7  1  1  6  1  2  3  4  5  6  2  1  2 
 15.888 -70.15  5  1  1  6  1  2  3  4  5  6  2  1  2 
 56.514  20.075  19  1  1  6  1  2  3  4  5  6  2  1  2 
-46.846 -58.882  21  1  1  6  1  2  3  4  5  6  2  1  2 
 97.275  36.079  22  1  1  6  1  2  3  4  5  6  2  1  2 
 106.101  14.069  13  1  1  6  1  2  3  4  5  6  2  1  2 
-105.271 -135.752  12  1  1  6  1  2  3  4  5  6  2  1  2 
 91.952  68.465  14  1  1  6  1  2  3  4  5  6  2  1  2 
-77.779 -82.797  7  1  1  6  1  2  3  4  5  6  2  1  2 
 65.731  9.43  2  1  1  6  1  2  3  4  5  6  2  1  2 
-45.759 -43.367  2  1  1  6  1  2  3  4  5  6  2  1  2 
 100.131 -6.269  21  1  1  6  1  2  3  4  5  6  2  1  2 
 129.319  3.497  14  1  1  6  1  2  3  4  5  6  2  1  2 
 16.938  82.821  12  1  1  6  1  2  3  4  5  6  2  1  2 
-88.021 -69.076  15  1  1  6  1  2  3  4  5  6  2  1  2 
 35.749  32.612  22  1  1  6  1  2  3  4  5  6  2  1  2 
 31.001 -42.476  16  1  1  6  1  2  3  4  5  6  2  1  2 
 67.293  15.29  3  1  1  6  1  2  3  4  5  6  2  1  2 
 54.036 -148.692  15  1  1  6  1  2  3  4  5  6  2  1  2 
-22.993 -5.243  19  1  1  6  1  2  3  4  5  6  2  1  2 
 27.839  46.138  7  1  1  6  1  2  3  4  5  6  2  1  2 
 65.914  1.703  9  1  1  6  1  2  3  4  5  6  2  1  2 
-60.384 -49.226  17  1  1  6  1  2  3  4  5  6  2  1  2 
 63.79  64.693  15  1  1  6  1  2  3  4  5  6  2  1  2 
 58.712  0.678  5  1  1  6  1  2  3  4  5  6  2  1  2 
-82.321 -50.24  11  1  1  6  1  2  3  4  5  6  2  1  2 
-1.495 -84.323  7  1  1  6  1  2  3  4  5  6  2  1  2 
 65.792  11.005  9  1  1  6  1  2  3  4  5  6  2  1  2 
 0.299  71.407  25  1  1  6  1  2  3  4  5  6  2  1  2 
 60.738 -18.293  20  1  1  6  1  2  3  4  5  6  2  1  2 
 75.729  111.045  7  1  1  6  1  2  3  4  5  6  2  1  2 
-64.962 -92.343  10  1  1  6  1  2  3  4  5  6  2  1  2 
-68.075 -57.613  3  1  1  6  1  2  3  4  5  6  2  1  2 
-99.203 -85.763  18  1  1  6  1  2  3  4  5  6  2  1  2 
-71.92 -45.259  16  1  1  6  1  2  3  4  5  6  2  1  2 
 24.189 -83.334  25  1  1  6  1  2  3  4  5  6  2  1  2 
-105.893 -34.48  23  1  1  6  1  2  3  4  5  6  2  1  2 
 105.026 -0.861  19  1  1  6  1  2  3  4  5  6  2  1  2 
 35.713  62.654  9  1  1  6  1  2  3  4  5  6  2  1  2 
-31.562 -85.788  24  1  1  6  1  2  3  4  5  6  2  1  2 
 70.052 -5.524  13  1  1  6  1  2  3  4  5  6  2  1  2 
 36.152  69.112  8  1  1  6  1  2  3  4  5  6  2  1  2 
 47.932 -97.262  12  1  1  6  1  2  3  4  5  6  2  1  2 
 64.449 -7.147  22  1  1  6  1  2  3  4  5  6  2  1  2 
-109.238 -60.909  1  1  1  6  1  2  3  4  5  6  2  1  2 
 35.81 -95.602  8  1  1  6  1  2  3  4  5  6  2  1  2 
 15.07  20.527  23  1  1  6  1  2  3  4  5  6  2  1  2 
-19.843 -69.417  11  1  1  6  1  2  3  4  5  6  2  2  3 
-27.168  53.743  23  1  1  6  1  2  3  4  5  6  2  2  3 
-90.732 -76.962  14  1  1  6  1  2  3  4  5  6  2  2  3 
 64.29  34.651  20  1  1  6  1  2  3  4  5  6  2  2  3 
 14.704 -84.664  19  1  1  6  1  2  3  4  5  6  2  2  3 
 70.272 -1.19  2  1  1  6  1  2  3  4  5  6  2  2  3 
 62.764 -51.485  1  1  1  6  1  2  3  4  5  6  2  2  3 
-65.389 -63.082  9  1  1  6  1  2  3  4  5  6  2  2  3 
 20.307 -83.065  25  1  1  6  1  2  3  4  5  6  2  2  3 
-86.129  9.235  17  1  1  6  1  2  3  4  5  6  2  2  3 
 26.557 -78.988  3  1  1  6  1  2  3  4  5  6  2  2  3 
 33.247  17.377  18  1  1  6  1  2  3  4  5  6  2  2  3 
 65.206  20.954  3  1  1  6  1  2  3  4  5  6  2  2  3 
-53.304 -67.891  12  1  1  6  1  2  3  4  5  6  2  2  3 
-7.221 -37.922  3  1  1  6  1  2  3  4  5  6  2  2  3 
-84.896  46.431  10  1  1  6  1  2  3  4  5  6  2  2  3 
-11.701 -58.357  10  1  1  6  1  2  3  4  5  6  2  2  3 
-2.094 -53.731  7  1  1  6  1  2  3  4  5  6  2  2  3 
 35.664  24.921  16  1  1  6  1  2  3  4  5  6  2  2  3 
 24.702  80.245  1  1  1  6  1  2  3  4  5  6  2  2  3 
-73.666 -77.511  20  1  1  6  1  2  3  4  5  6  2  2  3 
-45.613 -37.068  22  1  1  6  1  2  3  4  5  6  2  2  3 
-6.769 -42.72  8  1  1  6  1  2  3  4  5  6  2  2  3 
 21.857  21.796  17  1  1  6  1  2  3  4  5  6  2  2  3 
 35.823 -112.021  15  1  1  6  1  2  3  4  5  6  2  2  3 
 102.67 -9.027  14  1  1  6  1  2  3  4  5  6  2  2  3 
 115.268  13.532  10  1  1  6  1  2  3  4  5  6  2  2  3 
-94.125 -76.266  16  1  1  6  1  2  3  4  5  6  2  2  3 
 3.253 -56.014  10  1  1  6  1  2  3  4  5  6  2  2  3 
-45.198 -60.543  14  1  1  6  1  2  3  4  5  6  2  2  3 
 31.489  46.492  16  1  1  6  1  2  3  4  5  6  2  2  3 
-63.009 -67.574  20  1  1  6  1  2  3  4  5  6  2  2  3 
-61.556 -185.754  9  1  1  6  1  2  3  4  5  6  2  2  3 
 47.456  19.379  8  1  1  6  1  2  3  4  5  6  2  2  3 
 20.454  29.902  9  1  1  6  1  2  3  4  5  6  2  2  3 
 95.26  17.963  24  1  1  6  1  2  3  4  5  6  2  2  3 
 7.587 -65.535  20  1  1  6  1  2  3  4  5  6  2  2  3 
 20.258  3.241  7  1  1  6  1  2  3  4  5  6  2  2  3 
 29.792  48.531  6  1  1  6  1  2  3  4  5  6  2  2  3 
 112.632  56.771  3  1  1  6  1  2  3  4  5  6  2  2  3 
 96.2  6.952  15  1  1  6  1  2  3  4  5  6  2  2  3 
 66.305 -1.495  8  1  1  6  1  2  3  4  5  6  2  2  3 
 5.158  108.603  2  1  1  6  1  2  3  4  5  6  2  2  3 
 27.546 -89.975  18  1  1  6  1  2  3  4  5  6  2  2  3 
-69.369 -57.491  4  1  1  6  1  2  3  4  5  6  2  2  3 
-9.772  35.163  13  1  1  6  1  2  3  4  5  6  2  2  3 
-13.837 -90.646  1  1  1  6  1  2  3  4  5  6  2  2  3 
 30.83 -44.136  14  1  1  6  1  2  3  4  5  6  2  2  3 
 76.119  7.013  1  1  1  6  1  2  3  4  5  6  2  2  3 
 86.593 -29.511  1  1  1  6  1  2  3  4  5  6  2  2  3 
-59.249 -73.385  15  1  1  6  1  2  3  4  5  6  2  2  3 
-91.244 -49.263  8  1  1  6  1  2  3  4  5  6  2  2  3 
 109.616 -19.55  9  1  1  6  1  2  3  4  5  6  2  2  3 
 143.504 -42.488  2  1  1  6  1  2  3  4  5  6  2  2  3 
-50.606 -95.065  12  1  1  6  1  2  3  4  5  6  2  2  3 
-70.87 -83.529  5  1  1  6  1  2  3  4  5  6  2  2  3 
-50.63 -47.261  13  1  1  6  1  2  3  4  5  6  2  2  3 
-52.84 -88.644  11  1  1  6  1  2  3  4  5  6  2  2  3 
 13.178 -87.033  25  1  1  6  1  2  3  4  5  6  2  2  3 
-32.356  95.663  6  1  1  6  1  2  3  4  5  6  2  2  3 
-31.55 -17.536  24  1  1  6  1  2  3  4  5  6  2  3  4 
 6.586  44.356  13  1  1  6  1  2  3  4  5  6  2  3  4 
 3.082 -101.486  22  1  1  6  1  2  3  4  5  6  2  3  4 
-23.994  59.2  20  1  1  6  1  2  3  4  5  6  2  3  4 
 11.554 -4.645  25  1  1  6  1  2  3  4  5  6  2  3  4 
 10.614  11.432  24  1  1  6  1  2  3  4  5  6  2  3  4 
 63.472 -8.002  7  1  1  6  1  2  3  4  5  6  2  3  4 
-47.761 -40.803  4  1  1  6  1  2  3  4  5  6  2  3  4 
-76.852 -90.414  7  1  1  6  1  2  3  4  5  6  2  3  4 
 44.05 -96.97  3  1  1  6  1  2  3  4  5  6  2  3  4 
-67.733 -54.817  12  1  1  6  1  2  3  4  5  6  2  3  4 
-6.989 -112.302  18  1  1  6  1  2  3  4  5  6  2  3  4 
 124.937  21.21  24  1  1  6  1  2  3  4  5  6  2  3  4 
 78.561  2.68  2  1  1  6  1  2  3  4  5  6  2  3  4 
-101.267 -72.347  17  1  1  6  1  2  3  4  5  6  2  3  4 
 36.225  65.279  10  1  1  6  1  2  3  4  5  6  2  3  4 
-79.012 -98.312  7  1  1  6  1  2  3  4  5  6  2  3  4 
 11.017 -53.768  17  1  1  6  1  2  3  4  5  6  2  3  4 
-99.838  15.485  6  1  1  6  1  2  3  4  5  6  2  3  4 
 22.004 -140.941  1  1  1  6  1  2  3  4  5  6  2  3  4 
 75.301  33.283  17  1  1  6  1  2  3  4  5  6  2  3  4 
 14.46  30.573  3  1  1  6  1  2  3  4  5  6  2  3  4 
-66.121 -105.893  6  1  1  6  1  2  3  4  5  6  2  3  4 
-93.356 -49.116  5  1  1  6  1  2  3  4  5  6  2  3  4 
 99.667 -27.9  18  1  1  6  1  2  3  4  5  6  2  3  4 
-95.663  7.44  15  1  1  6  1  2  3  4  5  6  2  3  4 
-51.265 -73.69  10  1  1  6  1  2  3  4  5  6  2  3  4 
 71.871 -61.348  8  1  1  6  1  2  3  4  5  6  2  3  4 
-37.849 -33.149  6  1  1  6  1  2  3  4  5  6  2  3  4 
 10.981 -61.861  4  1  1  6  1  2  3  4  5  6  2  3  4 
 57.723  40.693  2  1  1  6  1  2  3  4  5  6  2  3  4 
-55.611 -35.298  18  1  1  6  1  2  3  4  5  6  2  3  4 
-106.772 -17.682  2  1  1  6  1  2  3  4  5  6  2  3  4 
-111.301  8.051  10  1  1  6  1  2  3  4  5  6  2  3  4 
 23.884  23.591  5  1  1  6  1  2  3  4  5  6  2  3  4 
 18.439 -65.731  9  1  1  6  1  2  3  4  5  6  2  3  4 
 18.11  28.498  24  1  1  6  1  2  3  4  5  6  2  3  4 
 35.932  44.392  11  1  1  6  1  2  3  4  5  6  2  3  4 
-2.936 -108.335  5  1  1  6  1  2  3  4  5  6  2  3  4 
 12.262 -67.708  4  1  1  6  1  2  3  4  5  6  2  3  4 
 86.41 -2.521  24  1  1  6  1  2  3  4  5  6  2  3  4 
 62.508  16.071  22  1  1  6  1  2  3  4  5  6  2  3  4 
-52.278 -46.248  11  1  1  6  1  2  3  4  5  6  2  3  4 
-66.182 -75.997  5  1  1  6  1  2  3  4  5  6  2  3  4 
 56.868  66.414  11  1  1  6  1  2  3  4  5  6  2  3  4 
 63.948 -10.602  5  1  1  6  1  2  3  4  5  6  2  3  4 
-11.859 -66.439  7  1  1  6  1  2  3  4  5  6  2  3  4 
-89.474 -53.536  3  1  1  6  1  2  3  4  5  6  2  3  4 
 85.714 -6.964  5  1  1  6  1  2  3  4  5  6  2  3  4 
 30.293  3.705  25  1  1  6  1  2  3  4  5  6  2  3  4 
 95.114 -6.61  12  1  1  6  1  2  3  4  5  6  2  3  4 
 69.381 -24.299  7  1  1  6  1  2  3  4  5  6  2  3  4 
-3.388  53.609  25  1  1  6  1  2  3  4  5  6  2  3  4 
-87.875 -19.306  16  1  1  6  1  2  3  4  5  6  2  3  4 
-137.095 -85.934  13  1  1  6  1  2  3  4  5  6  2  3  4 
-60.921 -68.087  13  1  1  6  1  2  3  4  5  6  2  3  4 
 5.072 -29.524  14  1  1  6  1  2  3  4  5  6  2  3  4 
 16.132 -27.021  20  1  1  6  1  2  3  4  5  6  2  3  4 
 58.492  45.869  4  1  1  6  1  2  3  4  5  6  2  3  4 
 78.097 -3.229  22  1  1  6  1  2  3  4  5  6  2  3  4 
 87.069 -0.726  1  1  1  6  1  2  3  4  5  6  2  4  5 
 56.001 -51.192  17  1  1  6  1  2  3  4  5  6  2  4  5 
 23.273 -69.686  3  1  1  6  1  2  3  4  5  6  2  4  5 
 28.803 -37.825  14  1  1  6  1  2  3  4  5  6  2  4  5 
 22.077  35.981  25  1  1  6  1  2  3  4  5  6  2  4  5 
 28.925  41.499  12  1  1  6  1  2  3  4  5  6  2  4  5 
-19.623 -33.357  8  1  1  6  1  2  3  4  5  6  2  4  5 
 71.004 -7.184  25  1  1  6  1  2  3  4  5  6  2  4  5 
 95.7  44.929  5  1  1  6  1  2  3  4  5  6  2  4  5 
 12.799  33.1  24  1  1  6  1  2  3  4  5  6  2  4  5 
-77.694 -92.27  22  1  1  6  1  2  3  4  5  6  2  4  5 
-81.649 -49.239  14  1  1  6  1  2  3  4  5  6  2  4  5 
 78.072  66.854  21  1  1  6  1  2  3  4  5  6  2  4  5 
 78.903  15.339  8  1  1  6  1  2  3  4  5  6  2  4  5 
 39.766  6.085  12  1  1  6  1  2  3  4  5  6  2  4  5 
 22.858  19.135  20  1  1  6  1  2  3  4  5  6  2  4  5 
 113.059  8.844  12  1  1  6  1  2  3  4  5  6  2  4  5 
 16.425  73.775  12  1  1  6  1  2  3  4  5  6  2  4  5 
 102.06 -8.966  20  1  1  6  1  2  3  4  5  6  2  4  5 
-4.828  38.63  17  1  1  6  1  2  3  4  5  6  2  4  5 
-11.505 -24.018  2  1  1  6  1  2  3  4  5  6  2  4  5 
 78.939 -36.579  18  1  1  6  1  2  3  4  5  6  2  4  5 
-25.654 -98.3  8  1  1  6  1  2  3  4  5  6  2  4  5 
 16.327 -72.567  23  1  1  6  1  2  3  4  5  6  2  4  5 
 23.029  49.055  23  1  1  6  1  2  3  4  5  6  2  4  5 
-64.339 -65.841  18  1  1  6  1  2  3  4  5  6  2  4  5 
 4.181 -58.467  3  1  1  6  1  2  3  4  5  6  2  4  5 
 54.122 -4.694  8  1  1  6  1  2  3  4  5  6  2  4  5 
-39.644 -25.495  11  1  1  6  1  2  3  4  5  6  2  4  5 
-3.375 -34.394  3  1  1  6  1  2  3  4  5  6  2  4  5 
-79.427 -132.115  24  1  1  6  1  2  3  4  5  6  2  4  5 
-10.517 -87.765  9  1  1  6  1  2  3  4  5  6  2  4  5 
-73.495 -36.067  24  1  1  6  1  2  3  4  5  6  2  4  5 
-64.974 -79.196  5  1  1  6  1  2  3  4  5  6  2  4  5 
 16.376  37.153  3  1  1  6  1  2  3  4  5  6  2  4  5 
 21.564 -75.301  14  1  1  6  1  2  3  4  5  6  2  4  5 
-38.85 -76.876  12  1  1  6  1  2  3  4  5  6  2  4  5 
 22.7  22.7  6  1  1  6  1  2  3  4  5  6  2  4  5 
-62.008 -82.04  17  1  1  6  1  2  3  4  5  6  2  4  5 
-2.57  50.63  3  1  1  6  1  2  3  4  5  6  2  4  5 
-53.182 -44.856  17  1  1  6  1  2  3  4  5  6  2  4  5 
 92.929  19.208  2  1  1  6  1  2  3  4  5  6  2  4  5 
 70.931 -11.115  11  1  1  6  1  2  3  4  5  6  2  4  5 
 89.731 -42.793  12  1  1  6  1  2  3  4  5  6  2  4  5 
 37.214  31.159  8  1  1  6  1  2  3  4  5  6  2  4  5 
-55.428 -64.791  9  1  1  6  1  2  3  4  5  6  2  4  5 
-38.154 -61.336  3  1  1  6  1  2  3  4  5  6  2  4  5 
-10.053  1.337  22  1  1  6  1  2  3  4  5  6  2  4  5 
 71.114  4.547  25  1  1  6  1  2  3  4  5  6  2  4  5 
-27.448 -89.694  9  1  1  6  1  2  3  4  5  6  2  4  5 
 114.548 -22.846  12  1  1  6  1  2  3  4  5  6  2  4  5 
-114.206 -71.224  14  1  1  6  1  2  3  4  5  6  2  4  5 
 31.782  65.511  16  1  1  6  1  2  3  4  5  6  2  4  5 
 37.971  17.304  7  1  1  6  1  2  3  4  5  6  2  4  5 
 39.228  22.541  20  1  1  6  1  2  3  4  5  6  2  4  5 
-60.652 -52.998  8  1  1  6  1  2  3  4  5  6  2  4  5 
-2.728  24.921  2  1  1  6  1  2  3  4  5  6  2  4  5 
 43.757  68.038  11  1  1  6  1  2  3  4  5  6  2  4  5 
-63.656 -33.576  19  1  1  6  1  2  3  4  5  6  2  4  5 
-77.877 -54.06  15  1  1  6  1  2  3  4  5  6  2  4  5 
-65.12 -45.772  19  1  2  3  7  8  9  1  1 
 27.009  31.062  15  1  2  3  7  8  9  1  1 
-92.099 -51.131  23  1  2  3  7  8  9  1  1 
-29.756 -56.734  14  1  2  3  7  8  9  1  1 
 77.34 -1.471  14  1  2  3  7  8  9  1  1 
 81.552  10.858  16  1  2  3  7  8  9  1  1 
-69.93 -61.495  20  1  2  3  7  8  9  1  1 
 36.567 -123.557  4  1  2  3  7  8  9  1  1 
 6.903 -58.223  13  1  2  3  7  8  9  1  1 
 87.118  26.362  2  1  2  3  7  8  9  1  1 
 59.651  4.804  13  1  2  3  7  8  9  1  1 
-16.498 -70.797  12  1  2  3  7  8  9  1  1 
-1.068 -0.763  10  1  2  3  7  8  9  1  1 
 38.508  40.62  11  1  2  3  7  8  9  1  1 
 5.646 -73.666  22  1  2  3  7  8  9  1  1 
-49.873 -83.273  4  1  2  3  7  8  9  1  1 
-90.915 -61.202  19  1  2  3  7  8  9  1  1 
-64.193 -33.418  22  1  2  3  7  8  9  1  1 
-79.061 -45.515  10  1  2  3  7  8  9  1  1 
 13.19 -18.232  16  1  2  3  7  8  9  1  1 
 49.08 -83.956  8  1  2  3  7  8  9  1  1 
-67.916 -112.534  7  1  2  3  7  8  9  1  1 
 7.562 -42.842  13  1  2  3  7  8  9  1  1 
-8.014 -111.179  1  1  2  3  7  8  9  1  1 
-24.067 -161.412  8  1  2  3  7  8  9  1  1 
 37.153 -115.83  16  1  2  3  7  8  9  1  1 
-25.3  54.122  1  1  2  3  7  8  9  1  1 
 73.519 -9.809  6  1  2  3  7  8  9  1  1 
 0.055 -52.254  8  1  2  3  7  8  9  1  1 
 39.827 -36.787  6  1  2  3  7  8  9  1  1 
-60.689 -46.297  2  1  2  3  7  8  9  1  1 
 31.062  76.608  3  1  2  3  7  8  9  1  1 
 93.112 -8.576  15  1  2  3  7  8  9  1  1 
-51.314 -50.484  12  1  2  3  7  8  9  1  1 
-93.295 -84.53  7  1  2  3  7  8  9  1  1 
-42.256 -89.364  9  1  2  3  7  8  9  1  1 
 43.904  31.965  9  1  2  3  7  8  9  1  1 
-59.114 -72.347  17  1  2  3  7  8  9  1  1 
-50.264 -44.246  1  1  2  3  7  8  9  1  1 
-117.136 -107.712  24  1  2  3  7  8  9  1  1 
 36.091  3.937  24  1  2  3  7  8  9  2  1  2 
 116.416  19.916  20  1  2  3  7  8  9  2  1  2 
 87.606  16.315  6  1  2  3  7  8  9  2  1  2 
-85.177 -73.788  11  1  2  3  7  8  9  2  1  2 
-13.874  57.686  12  1  2  3  7  8  9  2  1  2 
 39.326 -83.578  21  1  2  3  7  8  9  2  1  2 
-62.423 -111.594  25  1  2  3  7  8  9  2  1  2 
-25.031 -34.162  1  1  2  3  7  8  9  2  1  2 
 62.142 -0.665  8  1  2  3  7  8  9  2  1  2 
 32.148  56.539  10  1  2  3  7  8  9  2  1  2 
-75.045 -59.883  21  1  2  3  7  8  9  2  1  2 
-21.015 -80.612  9  1  2  3  7  8  9  2  1  2 
 68.392 -20.917  22  1  2  3  7  8  9  2  1  2 
-94.662 -34.907  6  1  2  3  7  8  9  2  1  2 
 28.718  32.905  11  1  2  3  7  8  9  2  1  2 
-90.915 -14.228  21  1  2  3  7  8  9  2  1  2 
 61.8  20.405  8  1  2  3  7  8  9  2  1  2 
 9.674 -67.586  25  1  2  3  7  8  9  2  1  2 
 10.309 -53.963  9  1  2  3  7  8  9  2  1  2 
-7.428 -52.071  15  1  2  3  7  8  9  2  1  2 
 10.529 -61.129  7  1  2  3  7  8  9  2  1  2 
-5.78 -48.75  8  1  2  3  7  8  9  2  1  2 
-8.539 -49.922  7  1  2  3  7  8  9  2  1  2 
 8.002  6.024  12  1  2  3  7  8  9  2  1  2 
 21.711 -12.03  2  1  2  3  7  8  9  2  1  2 
 56.514 -14.277  23  1  2  3  7  8  9  2  1  2 
 21.528  34.382  12  1  2  3  7  8  9  2  1  2 
-82.26 -35.078  1  1  2  3  7  8  9  2  1  2 
 56.856 -22.468  17  1  2  3  7  8  9  2  1  2 
 12.787  49.226  17  1  2  3  7  8  9  2  1  2 
 25.41  21.137  11  1  2  3  7  8  9  2  1  2 
 95.932 -53.413  4  1  2  3  7  8  9  2  1  2 
 94.479 -23.066  2  1  2  3  7  8  9  2  1  2 
-150.975 -39.058  15  1  2  3  7  8  9  2  1  2 
 40.217  44.868  4  1  2  3  7  8  9  2  1  2 
-84.738 -52.339  19  1  2  3  7  8  9  2  1  2 
-34.321 -98.154  23  1  2  3  7  8  9  2  1  2 
-77.34 -86.203  18  1  2  3  7  8  9  2  1  2 
 21.052  60.543  5  1  2  3  7  8  9  2  1  2 
-51.411 -27.021  21  1  2  3  7  8  9  2  1  2 
 75.448  14.338  4  1  2  3  7  8  9  2  2  3 
-92.611 -95.602  25  1  2  3  7  8  9  2  2  3 
 14.118 -101.523  3  1  2  3  7  8  9  2  2  3 
 7.196 -61.361  8  1  2  3  7  8  9  2  2  3 
-0.8 -77.657  12  1  2  3  7  8  9  2  2  3 
-2.741 -66.073  17  1  2  3  7  8  9  2  2  3 
 108.005  13.068  20  1  2  3  7  8  9  2  2  3 
 56.612  8.197  11  1  2  3  7  8  9  2  2  3 
 6.94  67.33  6  1  2  3  7  8  9  2  2  3 
-55.794 -86.41  3  1  2  3  7  8  9  2  2  3 
-12.287 -71.102  8  1  2  3  7  8  9  2  2  3 
 79.489 -20.344  9  1  2  3  7  8  9  2  2  3 
 16.169  80.831  22  1  2  3  7  8  9  2  2  3 
 22.248 -72.396  24  1  2  3  7  8  9  2  2  3 
 4.987 -94.211  23  1  2  3  7  8  9  2  2  3 
-60.982 -34.492  2  1  2  3  7  8  9  2  2  3 
 17.512 -72.237  20  1  2  3  7  8  9  2  2  3 
 26.203  33.381  25  1  2  3  7  8  9  2  2  3 
-89.865 -46.858  21  1  2  3  7  8  9  2  2  3 
 24.201  32.6  7  1  2  3  7  8  9  2  2  3 
 32.185 -95.199  15  1  2  3  7  8  9  2  2  3 
-88.253 -45.711  21  1  2  3  7  8  9  2  2  3 
-14.362 -85.238  11  1  2  3  7  8  9  2  2  3 
 65.34  38.716  1  1  2  3  7  8  9  2  2  3 
 36.299 -17.707  17  1  2  3  7  8  9  2  2  3 
-94.65 -87.46  10  1  2  3  7  8  9  2  2  3 
-20.063 -69.979  21  1  2  3  7  8  9  2  2  3 
 71.456  17.56  6  1  2  3  7  8  9  2  2  3 
 17.255  27.937  6  1  2  3  7  8  9  2  2  3 
-95.553 -47.908  25  1  2  3  7  8  9  2  2  3 
 48.299 -43.318  14  1  2  3  7  8  9  2  2  3 
 14.667 -66.976  7  1  2  3  7  8  9  2  2  3 
 24.348 -72.103  6  1  2  3  7  8  9  2  2  3 
-39.961 -62.593  1  1  2  3  7  8  9  2  2  3 
 33.406  27.778  1  1  2  3  7  8  9  2  2  3 
 23.713 -65.426  2  1  2  3  7  8  9  2  2  3 
 1.386 -22.639  3  1  2  3  7  8  9  2  2  3 
 82.345 -0.116  15  1  2  3  7  8  9  2  2  3 
 10.48  58.724  16  1  2  3  7  8  9  2  2  3 
 33.296 -122.617  12  1  2  3  7  8  9  2  2  3 
 2.765 -25.69  11  1  2  3  7  8  9  2  3  4 
-88.668 -40.12  20  1  2  3  7  8  9  2  3  4 
 28.962  50.264  25  1  2  3  7  8  9  2  3  4 
 157.872  40.522  25  1  2  3  7  8  9  2  3  4 
-31.294  41.572  2  1  2  3  7  8  9  2  3  4 
 21.467 -86.789  5  1  2  3  7  8  9  2  3  4 
 31.257  21.149  12  1  2  3  7  8  9  2  3  4 
 38.142 -56.795  4  1  2  3  7  8  9  2  3  4 
 62.191  4.791  22  1  2  3  7  8  9  2  3  4 
-76.534 -86.349  17  1  2  3  7  8  9  2  3  4 
-77.474 -117.502  18  1  2  3  7  8  9  2  3  4 
-117.649 -141.27  11  1  2  3  7  8  9  2  3  4 
 19.391 -81.478  5  1  2  3  7  8  9  2  3  4 
-26.423 -97.47  8  1  2  3  7  8  9  2  3  4 
 39.766 -106.662  16  1  2  3  7  8  9  2  3  4 
-74.117 -28.071  6  1  2  3  7  8  9  2  3  4 
-167.089 -85.067  15  1  2  3  7  8  9  2  3  4 
 84.762 -17.133  7  1  2  3  7  8  9  2  3  4 
 13.971 -71.957  20  1  2  3  7  8  9  2  3  4 
 64.168  14.801  8  1  2  3  7  8  9  2  3  4 
 72.64  44.221  21  1  2  3  7  8  9  2  3  4 
-116.965 -63.656  2  1  2  3  7  8  9  2  3  4 
 25.544 -57.1  1  1  2  3  7  8  9  2  3  4 
 22.248 -94.589  25  1  2  3  7  8  9  2  3  4 
 106.833 -37.568  16  1  2  3  7  8  9  2  3  4 
 24.226  36.445  4  1  2  3  7  8  9  2  3  4 
 19.318  48.091  10  1  2  3  7  8  9  2  3  4 
 65.548 -114.194  13  1  2  3  7  8  9  2  3  4 
-61.971 -88.009  13  1  2  3  7  8  9  2  3  4 
 17.536 -77.462  6  1  2  3  7  8  9  2  3  4 
 65.804 -17.719  6  1  2  3  7  8  9  2  3  4 
 75.863  8.454  3  1  2  3  7  8  9  2  3  4 
 34.15  2.716  11  1  2  3  7  8  9  2  3  4 
 31.355 -80.074  10  1  2  3  7  8  9  2  3  4 
-8.209 -83.627  2  1  2  3  7  8  9  2  3  4 
-68.111 -56.026  4  1  2  3  7  8  9  2  3  4 
-12.983 -81.466  16  1  2  3  7  8  9  2  3  4 
 32.539 -1.337  7  1  2  3  7  8  9  2  3  4 
 7.086 -71.883  22  1  2  3  7  8  9  2  3  4 
 51.607 -171.63  15  1  2  3  7  8  9  2  3  4 
 101.559  3.497  17  1  2  3  7  8  9  2  4  5 
 53.987  100.046  3  1  2  3  7  8  9  2  4  5 
 45.93  46.834  17  1  2  3  7  8  9  2  4  5 
-49.458 -13.178  16  1  2  3  7  8  9  2  4  5 
 56.319 -79.012  17  1  2  3  7  8  9  2  4  5 
-4.437 -78.658  3  1  2  3  7  8  9  2  4  5 
 89.706 -39.558  3  1  2  3  7  8  9  2  4  5 
 57.369 -91.989  16  1  2  3  7  8  9  2  4  5 
 13.764 -70.431  5  1  2  3  7  8  9  2  4  5 
 105.087 -61.544  15  1  2  3  7  8  9  2  4  5 
 68.966  28.23  19  1  2  3  7  8  9  2  4  5 
-10.81 -84.664  24  1  2  3  7  8  9  2  4  5 
 150.426 -1.691  21  1  2  3  7  8  9  2  4  5 
-18.451  41.353  11  1  2  3  7  8  9  2  4  5 
 15.131 -72.64  17  1  2  3  7  8  9  2  4  5 
-84.86 -56.99  11  1  2  3  7  8  9  2  4  5 
-64.913 -53.023  3  1  2  3  7  8  9  2  4  5 
-34.956 -64.657  14  1  2  3  7  8  9  2  4  5 
-45.82 -50.093  8  1  2  3  7  8  9  2  4  5 
 17.28 -78.219  9  1  2  3  7  8  9  2  4  5 
 22.37  69.466  20  1  2  3  7  8  9  2  4  5 
 26.032  95.138  4  1  2  3  7  8  9  2  4  5 
 31.367 -97.678  8  1  2  3  7  8  9  2  4  5 
 101.901  29.048  16  1  2  3  7  8  9  2  4  5 
-21.894 -19.025  15  1  2  3  7  8  9  2  4  5 
-16.681 -9.113  12  1  2  3  7  8  9  2  4  5 
 78.158 -63.924  7  1  2  3  7  8  9  2  4  5 
 13.605  33.32  9  1  2  3  7  8  9  2  4  5 
-11.982 -26.618  17  1  2  3  7  8  9  2  4  5 
-33.076 -72.591  1  1  2  3  7  8  9  2  4  5 
 29.231  11.261  15  1  2  3  7  8  9  2  4  5 
 0.47 -121.079  15  1  2  3  7  8  9  2  4  5 
 19.477 -84.408  8  1  2  3  7  8  9  2  4  5 
 60.164  74.532  12  1  2  3  7  8  9  2  4  5 
-53.523  62.838  16  1  2  3  7  8  9  2  4  5 
-69.784 -62.838  9  1  2  3  7  8  9  2  4  5 
 72.066  0.458  25  1  2  3  7  8  9  2  4  5 
 16.022 -54.83  17  1  2  3  7  8  9  2  4  5 
-6.256  19.514  15  1  2  3  7  8  9  2  4  5 
-154.527 -63.521  12  1  2  3  7  8  9  2  4  5 
 65.535  71.92  23  1  3  2  10  11  1  1 
 14.643 -43.611  20  1  3  2  10  11  1  1 
 16.828  4.718  8  1  3  2  10  11  1  1 
-65.523 -78.097  25  1  3  2  10  11  1  1 
 16.364  14.728  23  1  3  2  10  11  1  1 
 70.272  3.778  9  1  3  2  10  11  1  1 
 29.975  51.119  5  1  3  2  10  11  1  1 
 37.849  30.915  18  1  3  2  10  11  1  1 
 137.107 -23.066  13  1  3  2  10  11  1  1 
 33.515  52.29  10  1  3  2  10  11  1  1 
 37.935 -17.353  11  1  3  2  10  11  1  1 
 19.025  51.778  13  1  3  2  10  11  1  1 
-65.194 -23.408  12  1  3  2  10  11  1  1 
-49.91 -29.756  22  1  3  2  10  11  1  1 
 25.312  27.021  23  1  3  2  10  11  1  1 
 60.03 -1.288  1  1  3  2  10  11  1  1 
 92.941  2.118  8  1  3  2  10  11  1  1 
 77.706  50.459  8  1  3  2  10  11  1  1 
 46.98  8.612  10  1  3  2  10  11  1  1 
 103.867 -23.151  25  1  3  2  10  11  1  1 
 85.043  42.097  8  1  3  2  10  11  1  1 
-18.122 -25.788  12  1  3  2  10  11  1  1 
-30.012 -76.84  24  1  3  2  10  11  1  1 
 80.673 -11.176  9  1  3  2  10  11  1  1 
 40.815  52.474  3  1  3  2  10  11  1  1 
 42.94 -20.917  5  1  3  2  10  11  1  1 
-125.34 -110.105  7  1  3  2  10  11  1  1 
-69.649 -61.837  22  1  3  2  10  11  1  1 
 35.151  20.466  13  1  3  2  10  11  1  1 
-144.09  43.44  15  1  3  2  10  11  1  1 
-89.999 -2.46  13  1  3  2  10  11  1  1 
-1.08 -45.332  4  1  3  2  10  11  1  1 
-51.558 -101.486  2  1  3  2  10  11  1  1 
-47.041 -48.396  13  1  3  2  10  11  1  1 
-64.132  44.478  22  1  3  2  10  11  1  1 
-11.567 -42.756  22  1  3  2  10  11  1  1 
 30.293 -49.556  24  1  3  2  10  11  1  1 
-87.155 -51.961  16  1  3  2  10  11  1  1 
 107.907 -25.849  19  1  3  2  10  11  1  1 
 74.923  15.168  2  1  3  2  10  11  1  1 
-10.663 -92.575  9  1  3  2  10  11  1  1 
-77.413 -48.433  19  1  3  2  10  11  1  1 
 159.349 -6.745  25  1  3  2  10  11  1  1 
 16.62 -71.041  8  1  3  2  10  11  1  1 
 88.925 -1.41  9  1  3  2  10  11  1  1 
-40.156  18.403  25  1  3  2  10  11  1  1 
-17.829 -100.107  4  1  3  2  10  11  1  1 
 110.324 -24.311  16  1  3  2  10  11  1  1 
 5.548 -49.409  20  1  3  2  10  11  1  1 
 88.388  44.551  15  1  3  2  10  11  1  1 
-12.751 -103.256  15  1  3  2  10  11  1  1 
 16.291  33.161  16  1  3  2  10  11  1  1 
 114.426  42.903  19  1  3  2  10  11  1  1 
-61.446  6.354  17  1  3  2  10  11  1  1 
-36.177 -68.514  7  1  3  2  10  11  1  1 
-12.165 -97.787  8  1  3  2  10  11  1  1 
 42.732 -135.838  10  1  3  2  10  11  1  1 
 0.018  17.402  4  1  3  2  10  11  1  1 
-132.652 -51.521  14  1  3  2  10  11  1  1 
-27.4 -64.815  10  1  3  2  10  11  1  1 
 88.791 -20.649  8  1  3  2  10  11  1  2 
 12.372 -57.442  20  1  3  2  10  11  1  2 
-82.833 -37.19  1  1  3  2  10  11  1  2 
 0.714 -113.095  8  1  3  2  10  11  1  2 
-85.018 -33.882  7  1  3  2  10  11  1  2 
-117.429 -17.45  13  1  3  2  10  11  1  2 
-87.545 -122.898  5  1  3  2  10  11  1  2 
 88.522 -5.145  2  1  3  2  10  11  1  2 
 11.225  17.536  3  1  3  2  10  11  1  2 
-72.066 -101.205  17  1  3  2  10  11  1  2 
 5.658 -89.975  11  1  3  2  10  11  1  2 
 18.329  29.353  1  1  3  2  10  11  1  2 
-41.487  90.646  6  1  3  2  10  11  1  2 
-80.782 -67.489  12  1  3  2  10  11  1  2 
 78.903 -1.886  11  1  3  2  10  11  1  2 
-51.045  95.846  7  1  3  2  10  11  1  2 
 45.674 -55.232  17  1  3  2  10  11  1  2 
-60.384 -65.596  19  1  3  2  10  11  1  2 
 8.124  41.694  17  1  3  2  10  11  1  2 
 51.094 -102.561  3  1  3  2  10  11  1  2 
-94.418 -110.544  12  1  3  2  10  11  1  2 
 7.428  18.488  21  1  3  2  10  11  1  2 
-54.793 -70.833  15  1  3  2  10  11  1  2 
-1.154 -141.063  11  1  3  2  10  11  1  2 
-55.477 -21.088  18  1  3  2  10  11  1  2 
 72.518  19.086  11  1  3  2  10  11  1  2 
-10.968  76.193  6  1  3  2  10  11  1  2 
-26.691 -143.492  25  1  3  2  10  11  1  2 
 12.275 -73.238  25  1  3  2  10  11  1  2 
 43.074 -47.468  8  1  3  2  10  11  1  2 
-41.694 -74.703  6  1  3  2  10  11  1  3 
-0.47  37.019  22  1  3  2  10  11  1  3 
-2.094 -38.044  22  1  3  2  10  11  1  3 
-61.47 -2.948  16  1  3  2  10  11  1  3 
 21.711 -80.685  14  1  3  2  10  11  1  3 
-145.64 -19.367  24  1  3  2  10  11  1  3 
 33.479 -110.862  10  1  3  2  10  11  1  3 
-18.024 -97.775  12  1  3  2  10  11  1  3 
 24.042 -37.239  9  1  3  2  10  11  1  3 
-52.559 -37.226  4  1  3  2  10  11  1  3 
 42.695 -39.338  6  1  3  2  10  11  1  3 
 19.391 -104.282  14  1  3  2  10  11  1  3 
 4.669 -47.237  15  1  3  2  10  11  1  3 
-17.255  48.799  15  1  3  2  10  11  1  3 
-0.47  55.061  13  1  3  2  10  11  1  3 
 86.581  15.766  12  1  3  2  10  11  1  3 
-46.016 -40.242  17  1  3  2  10  11  1  3 
 90.011  0.555  6  1  3  2  10  11  1  3 
 23.896 -89.328  2  1  3  2  10  11  1  3 
 61.263 -27.619  20  1  3  2  10  11  1  3 
-45.65 -101.706  9  1  3  2  10  11  1  3 
 5.939  59.603  11  1  3  2  10  11  1  3 
 14.118 -61.812  21  1  3  2  10  11  1  3 
 77.609  33.711  16  1  3  2  10  11  1  3 
 90.841 -78.085  7  1  3  2  10  11  1  3 
 46.37  1.312  23  1  3  2  10  11  1  3 
 2.618  43.171  21  1  3  2  10  11  1  3 
 84.347  19.391  20  1  3  2  10  11  1  3 
 16.572 -73.006  12  1  3  2  10  11  1  3 
 28.84  28.889  3  1  3  2  10  11  1  3 
-60.933 -57.186  9  1  3  2  10  11  1  4 
 110.617 -54.878  19  1  3  2  10  11  1  4 
-54.256 -78.329  3  1  3  2  10  11  1  4 
 18.647 -78.219  20  1  3  2  10  11  1  4 
-59.92 -141.49  22  1  3  2  10  11  1  4 
 14.24 -80.526  11  1  3  2  10  11  1  4 
 75.851 -18.976  7  1  3  2  10  11  1  4 
-66.341 -46.626  24  1  3  2  10  11  1  4 
 68.001 -5.707  9  1  3  2  10  11  1  4 
 9.186 -86.422  3  1  3  2  10  11  1  4 
 44.49 -0.519  21  1  3  2  10  11  1  4 
 84.14  30.659  16  1  3  2  10  11  1  4 
 77.169  40.999  23  1  3  2  10  11  1  4 
 91.794 -24.445  11  1  3  2  10  11  1  4 
 104.978  46.443  14  1  3  2  10  11  1  4 
 102.939  37.849  5  1  3  2  10  11  1  4 
-61.653 -9.699  9  1  3  2  10  11  1  4 
 15.229 -85.665  14  1  3  2  10  11  1  4 
 112.778  32.624  2  1  3  2  10  11  1  4 
-0.824  20.417  11  1  3  2  10  11  1  4 
 55.196  55.806  19  1  3  2  10  11  1  4 
 30.012 -43.672  1  1  3  2  10  11  1  4 
 28.01 -62.178  7  1  3  2  10  11  1  4 
 3.217 -5.914  16  1  3  2  10  11  1  4 
 9.967 -59.957  22  1  3  2  10  11  1  4 
-42.842  19.086  6  1  3  2  10  11  1  4 
 29.829 -65.352  5  1  3  2  10  11  1  4 
 121.775  50.459  19  1  3  2  10  11  1  4 
 11.664  47.139  18  1  3  2  10  11  1  4 
-4.547 -53.328  12  1  3  2  10  11  1  4 
 28.059  22.724  15  1  6  1  12  1  1 
 4.633 -15.668  1  1  6  1  12  1  1 
 14.338 -81.466  16  1  6  1  12  1  1 
-41.096 -43.428  8  1  6  1  12  1  1 
-61.837 -42.708  9  1  6  1  12  1  1 
-55.635 -87.716  11  1  6  1  12  1  1 
-60.408 -45.247  14  1  6  1  12  1  1 
 31.147  46.455  12  1  6  1  12  1  1 
 31.831  74.837  6  1  6  1  12  1  1 
 35.725 -94.98  23  1  6  1  12  1  1 
-47.554 -22.797  20  1  6  1  12  1  1 
 41.816  19.599  3  1  6  1  12  1  1 
-3.79 -77.792  13  1  6  1  12  1  1 
-64.327 -108.603  22  1  6  1  12  1  1 
 107.456 -10.736  13  1  6  1  12  1  1 
-22.37 -78.329  1  1  6  1  12  1  1 
 80.575  0.8  7  1  6  1  12  1  1 
-9.735 -51.656  24  1  6  1  12  1  1 
 47.774 -89.499  1  1  6  1  12  1  1 
 41.707  62.3  12  1  6  1  12  1  1 
 43.88  14.887  15  1  6  1  12  1  1 
-75.35 -97.702  6  1  6  1  12  1  1 
 74.154  8.332  3  1  6  1  12  1  1 
-97.58 -60.884  6  1  6  1  12  1  1 
-43.281 -122.691  7  1  6  1  12  1  1 
 98.068  4.498  6  1  6  1  12  1  1 
 23.688  35.395  23  1  6  1  12  1  1 
 9.98  45.515  7  1  6  1  12  1  1 
-25.227  19.868  22  1  6  1  12  1  1 
-9.247 -67.794  18  1  6  1  12  1  1 
-15.033  76.681  23  1  6  1  12  1  1 
 12.262 -110.605  6  1  6  1  12  1  1 
 61.47  9.333  4  1  6  1  12  1  1 
-24.165 -93.136  15  1  6  1  12  1  1 
 95.285  34.284  19  1  6  1  12  1  1 
 80.721 -13.947  16  1  6  1  12  1  1 
 86.447  15.339  7  1  6  1  12  1  1 
 3.668  23.798  23  1  6  1  12  1  1 
 75.484  105.185  20  1  6  1  12  1  1 
-65.291 -47.603  19  1  6  1  12  1  1 
 13.337 -79.83  16  1  6  1  12  1  2 
-36.958 -56.453  7  1  6  1  12  1  2 
 20.661 -34.602  18  1  6  1  12  1  2 
 19.147  6.586  7  1  6  1  12  1  2 
-119.175 -103.391  1  1  6  1  12  1  2 
 20.087 -14.948  3  1  6  1  12  1  2 
 53.377 -39.485  4  1  6  1  12  1  2 
 39.631  83.724  25  1  6  1  12  1  2 
-60.396 -73.031  17  1  6  1  12  1  2 
 23.981  11.847  19  1  6  1  12  1  2 
 26.618 -67.525  25  1  6  1  12  1  2 
-15.387 -7.624  25  1  6  1  12  1  2 
-32.038 -47.456  11  1  6  1  12  1  2 
 85.543 -31.123  13  1  6  1  12  1  2 
 30.378  35.188  8  1  6  1  12  1  2 
-44.575 -73.287  17  1  6  1  12  1  2 
 90.011 -82.26  8  1  6  1  12  1  2 
-19.855 -36.14  3  1  6  1  12  1  2 
-40.559 -65.487  13  1  6  1  12  1  2 
 21.76 -97.397  18  1  6  1  12  1  2 
 9.699 -38.447  18  1  6  1  12  1  3 
 13.544 -148.155  13  1  6  1  12  1  3 
 68.917  54.146  3  1  6  1  12  1  3 
-52.657 -6.659  15  1  6  1  12  1  3 
 13.41  55.367  10  1  6  1  12  1  3 
 21.894  24.519  8  1  6  1  12  1  3 
-5.231  64.73  23  1  6  1  12  1  3 
 16.938 -83.273  8  1  6  1  12  1  3 
 79.452  60.64  8  1  6  1  12  1  3 
 17.585  26.777  2  1  6  1  12  1  3 
 19.55  97.238  21  1  6  1  12  1  3 
 98.239  17.621  21  1  6  1  12  1  3 
 50.252  24.165  4  1  6  1  12  1  3 
 17.621  30.671  18  1  6  1  12  1  3 
-88.888 -48.372  10  1  6  1  12  1  3 
 63.021  22.614  18  1  6  1  12  1  3 
 7.233 -82.125  14  1  6  1  12  1  3 
-5.487 -98.52  1  1  6  1  12  1  3 
 89.071  12.433  4  1  6  1  12  1  3 
 119.846  0.238  20  1  6  1  12  1  3 
-6.256  5.072  4  1  6  1  12  1  4 
 73.202 -6.598  11  1  6  1  12  1  4 
-30.329 -31.477  7  1  6  1  12  1  4 
 5.56 -65.767  20  1  6  1  12  1  4 
 43.196  7.172  11  1  6  1  12  1  4 
 72.835  7.843  22  1  6  1  12  1  4 
 37.226 -76.534  22  1  6  1  12  1  4 
 19.465 -89.962  19  1  6  1  12  1  4 
-87.741 -54.976  14  1  6  1  12  1  4 
 14.203  2.13  17  1  6  1  12  1  4 
-79.635 -60.506  13  1  6  1  12  1  4 
 62.105  45.479  3  1  6  1  12  1  4 
-105.6 -103.854  13  1  6  1  12  1  4 
 83.224 -29.035  24  1  6  1  12  1  4 
-63.192 -40.486  6  1  6  1  12  1  4 
 100.327 -3.754  22  1  6  1  12  1  4 
 27.119  8.991  11  1  6  1  12  1  4 
 113.23  50.899  12  1  6  1  12  1  4 
-6.928  14.24  22  1  6  1  12  1  4 
-53.352 -114.28  19  1  6  1  12  1  4 
 1  1 
 1  2 
 1  3 
 1  4 
 1  5 
 1  6 
 2  1  4 
 2  2  5 
 2  3  6 
 3  1  3  5 
 3  2  4  6 
 6  1  2  3  4  5  6 
